62.80461277315957
48.382884132725835
60.613508645074745
60.38196620038274
80.55377020097963
84.24922996200736
68.80202365893454
72.43137333831793
75.47508713777331
60.90519089750765
65.15480111658188
59.34734031731436
71.42698816687954
95.69810906595986
75.11505794822676
48.030010657652696
53.62536537778792
64.50236756235168
73.41402795554886
61.96154994053822
68.17395382957118
85.76750579247206
78.37843720431525
69.21554086583009
61.5302994499569
68.77672132740965
67.80271677291312
87.62092706635995
63.049451657651666
68.70275457064682
63.18100115295803
73.08814325735035
63.11476651970356
76.62922150887194
71.38142220543834
64.26522373437999
66.28960589121027
80.25088321956284
65.83854731530191
66.92409954904977
58.39971816689722
70.1539983324868
71.5731671715755
83.27355255794001
78.05543597339981
76.40044019610852
82.30433256138934
50.20658702584959
85.94596188970839
76.39911235958031
47.14006996088895
57.94166596040826
74.79656220750496
55.704933005796335
73.35680568376222
81.07025443859209
53.6591847443554
90.7105588982359
90.8356042109216
60.91069859598345
69.47629146561066
85.61748141297028
74.0166917257023
76.10407667249208
71.69482731379959
64.06368885366741
80.39358393970096
41.52668310158408
83.77597494500922
61.68818111740323
59.82110521514514
71.87422965929296
87.60593361523217
86.72175322856076
72.49900201691254
91.30564730266012
89.39671126516423
94.82964867642993
83.92227589351913
91.32350476553941
98.32390588317298
71.87353001697527
88.94480952579481
75.61432947318791
75.31202976913382
71.08461732194023
59.59093268046498
63.63623132373685
74.5404180962013
60.534925829953046
61.5010773398977
65.77135156200325
80.36384118817746
83.51582732163087
82.69854728751561
73.29432143020125
72.16779889017903
59.85267893331615
107.17693472414628
78.23301702289677
48.95320384708444
56.43891848257745
76.60912452545165
68.30796082376273
69.43363851542534
52.3561314927788
61.69415005612392
57.807771509705255
60.43815263182538
55.1823538324832
84.88543887377111
60.5103415468048
99.49628661367242
87.99718697895969
99.62923324754743
82.82540358244108
63.321954555528414
86.94449608931606
98.66539070090131
66.99663304617141
77.92922405578263
73.20115958306046
77.12086136299723
104.30118360837686
82.08626624369032
93.49801215625038
71.9650782838003
58.12864743552181
65.78069529759158
98.55581619804255
59.07773052409308
69.70599824658585
81.36551125813882
74.14251941156158
54.05102787542725
70.5342631896827
91.46836156088129
74.28768603263826
90.66093831981543
67.40207594089955
58.03327931222169
73.34689808822894
74.71838309669472
55.10501903077936
72.80073000184363
56.19166327942088
38.336933407544464
69.82879167007606
65.33838445052363
55.90884407545372
61.70704055952472
42.929622339745144
51.57215839590394
52.524419305209236
63.996600938531984
64.71291934196292
59.323324961115595
80.08785833877843
104.86251361032365
92.82055125504247
66.54855984674319
93.4763069308125
99.01246911739094
118.9565616705427
102.60823303248543
72.00800809957855
98.57814290886758
80.98761857712147
71.35919340458159
82.73882208029663
109.20019277145401
109.47043408006842
85.10234890542938
88.76352769093666
72.65434353755717
81.00813006451713
101.58652436270201
76.66636617824128
117.89929467580502
105.93005298522854
99.72830380203932
101.23938738667086
97.49154475741068
81.78687017611219
91.08825550174994
101.06601243944434
88.91911408402989
67.87693154066484
72.31598214447483
66.24983466293176
73.27770762248907
72.0747260680456
61.2369108470187
95.06627993095206
87.61247748696512
108.66776629395392
70.76399883026576
66.31605675143625
73.92897256263724
64.85097466525745
67.5144705845796
88.91862156560587
64.5343860928837
80.23178619615622
70.34774793745366
52.43431955865773
79.26314164736844
75.69182833079846
77.14291466829755
79.30382853715552
77.7013300310301
75.9306851345012
78.37936285041127
106.23069560971524
87.04427562568414
84.3759968724636
73.7553045261079
70.37155186159914
58.897700748907084
63.384567239749046
91.34273741013523
101.41791492165143
57.36397690508389
53.65408440298967
93.75188578256827
77.61480553606042
87.48497256614414
80.34877180259744
76.89036851519222
73.49608725470617
71.19204417536203
70.85478918755851
76.11294743055399
70.82715280503926
72.86287599697457
66.30657608789086
70.85430469438873
76.73569255263688
60.283484763067065
63.67176605518458
62.899060495620255
83.26893835905103
62.32139939102367
63.084793963457585
83.84223927913209
80.10253324470688
94.8807797054641
96.47581332331679
70.31071281836374
88.00674535304427
87.21582492604239
55.878542689337515
57.9184493782554
89.44368840492096
76.79104992023485
68.09238561356526
68.02721041826794
61.322419346306006
80.65918950756577
67.36514878593391
86.38415465289565
66.45776566622891
80.78987503968376
60.28337064863673
79.99905772058197
70.73892007276676
76.23455837795308
78.9543442346239
58.39849552789494
80.53451004500522
89.65516762316754
75.85305015123399
62.34632495114276
74.2370544561224
79.84511848430704
71.72451358377732
79.63172094487581
72.94104881399616
68.6497125232455
118.31327694634565
73.25448206163595
76.25608942280068
80.61247346917423
97.77517577526815
69.4275908327578
78.6500590566993
90.65813975138688
87.8687645141256
77.55492402441966
60.52563856776599
48.20617825106128
67.47190086430489
81.62814978046232
70.37740919017814
92.14001741640644
76.28468555834974
67.40901576247857
77.91250807145826
68.10763566196869
71.55221632059941
61.6037345644583
73.43997564221604
72.82567030916402
84.4257508281733
77.97337174521829
59.644324588056065
70.8659732234628
72.84335227159845
58.429593790949816
66.42695145645679
106.43435326348101
84.7673623430371
68.86569020621788
69.9483216476103
63.96925717372022
67.56435078768787
65.63941720595123
80.55168592933127
64.91987235867968
90.64443276879183
101.37809827167047
80.64769065621054
79.9761281291879
81.0415186744172
71.01457670248003
59.77238365186691
76.6053612985001
82.07957592586882
98.85931750728369
99.3194153386007
86.84868816254426
104.03090944938009
96.81040106454185
62.61833511605806
86.17593051435807
91.0099304869811
122.35280796606196
54.820188811155
69.40773838139077
71.03684488272947
78.50363337834646
99.57613419007248
99.16583941014703
102.93508829446385
117.76528331478428
84.66366332134852
98.17159957923316
70.74995774455101
61.78417192497997
113.72253111695687
69.18766621772255
86.53015488612722
86.11058410552994
86.90699751491476
82.60516137619315
60.94744349522217
58.19919705067312
66.56284856385645
62.10179223043694
67.40771781562812
65.93814616546682
74.46496991306026
86.09934563879195
76.5877520855773
74.45417903794981
68.84130345376872
73.24833478656289
79.69930023890556
86.65958923972407
66.07488951673147
82.42964310103439
80.90815565901514
95.53258182772231
68.4059822102004
60.08518754541904
112.16763053808135
76.83606653722585
79.24624672050707
110.1156209001313
60.55176361686634
64.66643482470114
102.06456895469425
102.91856231735743
48.892936081626786
87.75030146721161
88.98166578815803
71.51009044975012
87.65193110460194
77.63384641173465
80.23995454875981
84.40079835541638
68.9191927538134
78.87218051551075
92.98581145601557
63.28062271432266
80.18498396580934
71.61758412791826
90.03186775206385
85.1419272788541
82.57198173470536
72.6964355955331
79.20898612941373
88.89759478431826
74.28893831984381
62.91576451506344
72.41516277647194
63.79363738391544
56.97028767414824
70.55959986850904
71.98932018857722
53.07540046370952
61.1036583110159
68.13636412942591
73.339245431358
64.49776412929904
59.04405476035731
73.18510184783995
60.374357881508544
72.41175476268405
60.802407873233896
71.25982562909273
75.73260079140321
77.49917459352044
78.42643769912878
51.213977543001576
72.08057752127156
67.23089180813452
98.494434288799
73.53314190129846
75.14010325445176
57.383830896508236
64.34534400011425
67.89613118397845
93.66010284630548
67.05294946880804
77.03668626534694
57.016156623953755
70.47894751376897
60.37591805073874
56.437189516194806
61.79069273696317
59.22749873305937
73.75653409643513
70.94520055271126
80.71765893241128
76.85528081090423
77.75613327077674
65.27953346020975
73.50768199478028
80.10706967730009
72.40286819640194
85.40365271475963
77.07202362810162
76.1443847538685
79.94690796691563
60.259234062838004
69.79063257720551
74.9630994895547
59.8638703373837
67.43527880103541
59.17615618558904
82.0619589941462
76.52423024209025
81.57797057040655
75.96463138403676
104.84463238352902
59.139596746770415
86.53237062125903
79.07180692510903
64.68577660540082
77.99601762613872
64.49700003224713
80.33969021203096
76.34901681317494
73.7774103769423
74.90987945740707
65.12122217826374
50.206877350102445
63.797971528079394
71.53597093801253
80.20915168921998
79.33685288067423
72.66572719133153
103.55881866646854
81.6094345161301
87.22088049426031
91.41614781501784
94.17763089530266
82.79686376639641
92.85261819969826
77.38598315923403
96.71357078100837
46.74434860026638
75.78668926159278
83.65381856898266
111.90591721182948
72.84928064559466
56.82041233980044
67.33010226500026
101.96485375756924
74.70418253901842
75.45913961410533
93.00342227336712
64.02081109279311
105.0906281383521
76.29214393406467
78.8378279718231
64.95808900868656
75.68526479922457
76.9392216853935
80.16935213550684
61.93687346491753
105.46224644352797
88.37164030263264
67.99025650536076
88.1490157485087
71.79457624346547
74.80931772372891
61.799277881136405
81.32596556984676
77.99380739376056
69.82558229056295
75.94753772632743
77.29487258932059
77.72426279005536
77.3065051237907
80.53166745063413
81.9062034464401
77.15522948043036
94.70111873658318
82.42973411371457
90.73170537594862
73.9926012477942
80.76127910019878
73.74016692144043
68.94908674204626
79.58481072002601
88.11894522275357
83.21230013081298
80.66790606648716
104.82546507697293
71.21952082142758
62.36401359493535
99.15132729402218
75.68828632777934
86.43201214804158
85.4606509532071
104.60070396718353
66.34208585650876
61.01800630051196
87.32510197939115
71.85220878708826
83.95252212096565
82.39666428837651
79.09866282738652
58.47378113647833
70.1939123841968
49.13055904663695
77.77641259037527
58.02837887369929
59.307058474936206
69.24002080682946
72.166774210551
74.03227346755072
56.26240548015177
86.18875788975885
72.40697126378402
73.2710469073038
73.50953458247862
84.39888438571386
71.54511450859984
69.71423526965361
80.91167526847637
84.1922950851224
81.85729557282433
65.11220640696963
52.00539215222083
59.72831654190126
85.6246840455101
87.57150624138238
80.56833766386778
87.03707176660102
94.40610986653559
72.41867480600366
66.61133173456282
60.77240905657265
75.27082769666197
59.35249935633043
66.90073423326675
76.08859014521435
77.35709684867659
67.74084163610614
51.32780521340902
57.69095447193156
83.12465052672712
62.31350513311841
73.94788650577954
62.63513775101082
68.09428367337601
57.576385606318944
75.94639239609475
77.56153476925064
72.06863470826347
92.69673538697367
103.02456783841873
81.77340018427059
75.71943652898204
122.74533774160582
77.5291374632892
88.09365677092951
103.49931940222403
89.79132782802226
84.89668379189007
94.74551114272627
77.33524349134547
85.68400808593614
72.23964453548528
82.79425084581042
101.12313908852855
67.53047026169767
72.17977566714832
82.98125305999383
84.00883093524219
85.11622354681653
65.79451914253858
61.18387949707254
67.46790027694551
77.98273911406395
80.35860562467104
81.66179420784127
86.3971576348226
69.36893375105707
63.205382830551436
126.5987891678004
92.13042107229496
90.20258644012897
95.72681651282821
80.79742211791206
85.12927630071417
74.10566175667658
77.24788759861664
83.14727189131527
99.85484055736313
83.67146269865107
67.14365120965053
106.9482618032486
65.24086554369961
85.05034453034223
79.1984663200081
60.52921803064071
65.15083479533429
67.49479674995044
82.57871425000342
66.72937279352982
69.41285178192263
82.25499070855226
67.42599812893941
82.9883532717207
51.7916322348901
80.60423684607908
104.71581954240695
72.51843539763502
91.36623370376115
103.79826094463377
77.49728792805067
78.54458760882562
65.191993913831
63.06432925707126
68.72582194053473
43.97204291246752
93.3127990768873
104.03091896006762
85.66214662517385
64.48919491893759
80.58877052866114
72.84347980170257
119.88321242765693
58.902679452784994
78.70211112055358
80.39831688077166
69.6205945343484
67.98842549942098
74.98820136624859
88.66806252843989
59.154849455808915
75.01307451572757
72.40375260980697
81.221699232461
55.64720477780514
72.54480085516381
91.38886839677463
80.76667553026485
48.584387522429644
87.8752592438696
74.81007633575824
65.03213375930703
59.89843123556354
64.68193523362534
57.391366767002594
88.54912289802304
74.409384686113
69.47519793881439
69.07653745853575
66.4874503304328
85.36454311477583
69.54815844692017
53.22443132057139
61.72568571207324
71.59121171929006
73.91056322710953
62.35585489044541
73.87870970256841
66.5456413797876
71.82656679285881
67.08172694929586
70.3630571695769
61.784865853404064
73.54480182994426
63.04838999697436
66.79609514876364
104.2156346931781
67.36306819555419
79.96994691211633
99.88974474892238
90.84908898428628
89.17181678903445
80.08101968287602
87.81353955483546
108.61561314620722
82.28460955151937
90.11621891624064
74.32931837922096
90.49974297727847
71.71107466205628
72.3518824556446
77.78466938698084
93.32553702745909
62.75547415908835
70.4557752427641
77.07723369892854
71.44662032299941
73.83643091609363
58.82175542130308
72.68602152851558
71.12734754685191
70.2967694766669
49.48793567457224
51.90697944812066
62.300334517262634
62.474706251491064
93.38745255648053
100.49495090166825
65.42871916777877
72.14294802499407
74.73445197227542
65.65509014246307
69.85758095396889
82.78449028139795
86.9555652794061
79.26186500783686
78.57060132460717
54.332299912845016
103.35104350445157
57.806030937596496
82.03624821032727
73.23002212546626
65.85589491456247
61.895133541219195
71.7207599257862
57.865271149371765
54.2407519432407
58.76629213717618
48.44282876070252
69.14010917768628
61.619206765440225
46.747180944663505
79.17071440401615
57.80818748664307
72.95615048215551
61.44178926740311
76.25863073838791
66.62641104367219
68.658540763197
60.690635881329875
48.613245222620144
72.22491720018789
85.66518232274947
97.9950004101769
83.95105748100056
51.16378806282999
107.14855199897076
102.28030482192088
90.89609353528833
99.36252214493051
77.18146032788546
53.086674726254415
70.56951189212162
57.58005740006415
72.22903061499491
71.16151099284711
60.04199713253566
62.001694895569
56.32140234585484
72.28060204521105
61.49519434122298
83.04478737349285
77.16839638589248
69.97152503129146
84.62185390307818
65.84643931021941
69.74970968384105
83.7624492538808
63.6087069318368
62.40090020938863
80.6108002314264
100.00011979663948
85.42037351442833
73.06127444551376
112.97134351106658
77.49774210889113
94.4328007339951
70.17255221192158
77.66220274936832
81.03163872938292
54.286916272074244
85.06318016674427
53.212482845801915
59.4524983748681
66.11259875289406
88.07491677664436
76.61321715556721
49.98282334608876
64.90369825851272
69.69212590294593
79.32696975252594
87.49163533992811
63.725153775775084
70.38519650882826
60.77934275823289
61.54829212650655
71.79392637567577
80.44890078098904
63.94473103126902
106.4264567849443
60.63251300911646
70.85293714544011
56.57955405208128
82.22059204232538
77.96405582422821
81.74431729350684
78.50773985188243
82.003405351346
82.9200686479025
80.5277065291003
46.682634407478716
84.07532089254579
70.20420985026213
82.29687943159085
79.62811061939234
71.89027371604232
83.25428506906663
94.8582864753067
88.61890337680323
72.24478204493032
76.41896940862678
73.26642409456377
108.76680760529811
69.78248820024078
92.77889416305376
83.83307894455004
92.3702956737176
71.27028371087901
70.32610733985305
79.0863364397541
66.18112486893918
74.12531222253705
86.86895689480463
63.79665310234037
76.89669709192749
91.70871758834846
78.31406473909605
73.25249318424775
61.38537864372038
78.53597851514371
85.2842586846156
66.98073593736747
68.37244383367853
55.390532724099856
76.31548522471434
71.68854111960185
89.82895346202191
70.02564483665122
68.6677483480965
69.99861790570522
58.14742980910287
87.59592444362323
61.965912182088786
108.82722614460214
98.11431851352181
71.9083115594248
108.81738760532748
86.20899662088057
74.07543470711215
83.46253324535219
107.22273536883606
101.1301709651482
110.77960524004526
81.48943443659756
88.03300627554479
74.88189467915312
59.25846195782674
70.52845331517796
80.56905305228122
89.23249849073112
66.650578384637
78.48359981362555
94.69478310797876
72.86158103054186
88.50652074304533
73.12747626000912
79.14259173143822
79.62254490205854
68.65533666094262
99.58041066415335
89.27805952864284
68.63517767439862
72.78978118024601
80.39451685907679
67.5858018882596
75.22970211253558
98.55751285474642
74.27686267715194
63.235204521385164
81.12058235980058
65.62047179977625
70.90342218933624
66.191096452159
68.88907426330815
81.9603566178542
86.31947718408674
67.5950634356529
71.6327746378426
83.12179608323906
67.19341234956859
65.78246126811854
54.74100113558353
69.41027674579135
73.19738252819333
53.83247528210662
71.96447433898246
115.02559526247282
85.3859783992129
78.0655272780276
62.42826235683109
130.22012644516283
104.27060229513431
87.34469074304913
93.08257097976981
68.19759279486401
93.32765963596754
50.921787713865506
74.37208552906398
72.18231311242172
78.96816681915931
90.00550637621787
91.26828214765874
80.73230569104642
90.10481963716695
78.3281243843018
76.7818792476464
65.78562767330645
78.41645917157295
69.62261533262273
75.1675673764125
77.21815388106397
92.31886112610131
64.87395965371671
80.53311947077397
97.51615878595389
91.26070689153752
84.88645964010928
84.13479797296762
89.31133335699191
58.01315594307372
78.28999512030725
74.51141360268191
64.1692326367604
82.80171508833787
65.1712088247239
53.44648864422515
84.49328134412146
69.50790784574906
67.98459156977424
90.25081162968013
93.5495660845293
89.70401917882931
88.14444943440942
74.05965630645186
96.48175526732354
81.77673205024769
123.45945881354983
71.10509926927303
78.64226575545463
79.22074382191194
70.6740799967143
73.73668151123583
85.05476066370474
86.35017636384622
76.59587468083348
86.84976810388306
58.60050202099845
69.46183148809818
72.54860421406953
46.91434116951504
91.2110735472092
65.21233469764964
51.617470369075065
49.122246823750615
61.32376846995955
60.22897574351549
61.04332431787113
42.28286523064221
85.6750461111729
61.685154742946736
76.14757307368578
54.54499795746024
86.76243173876549
50.586645854026806
54.715090852478056
54.90635062754062
57.22612463111709
60.758544035767045
76.7328911419526
61.832221185562176
48.30891748723487
65.82322199497968
46.89736788379986
55.95153212594333
62.86514841222353
69.80405399680323
59.7945934987672
57.80410601555604
51.649425499189356
55.31329940352155
50.27912686960052
72.08606125444182
79.95424739457734
69.47922830520965
75.49580746203182
71.64653655476327
73.78782647756081
79.87413349607276
72.16285237037657
84.93959234080734
80.46864873437865
60.39110366074204
71.88875911503781
69.66909276508699
75.50094475749479
59.64118323134098
82.22561812169016
104.13749832132488
69.36978689824703
73.92000327968137
64.81841296579206
81.38413144982584
106.69786871037854
103.58519880188464
71.02567265373162
88.87070270826304
64.89530245623806
109.5463011720362
107.28360760531694
119.69783879576808
69.01796879252271
69.25674830732012
63.769171148986985
58.94708938183462
78.09663919954734
62.272001182836036
79.03105064431232
83.34636652898988
99.3210834112181
67.86930782876044
82.14787207020333
64.32168169792573
105.46073858308993
74.21870244029157
106.01030919056646
75.69702835789109
100.18001113980988
68.29127649861799
72.25698945679271
77.52933002418497
66.41398209058958
54.00369825106786
70.66986399874928
73.19030444848576
73.44024600117474
68.02188006846471
