96.16925847466531
86.4074617282717
90.00606500441843
81.32580933972379
79.63603714056153
76.00154977594669
89.17528614237956
83.65379314360612
71.5226474727381
81.48474734934203
79.18169222185679
78.73541297853292
97.92636772253579
96.02219207031975
86.15369064644797
99.07071245859937
105.63375024169468
66.45383987817877
79.99195459562004
95.53416932192003
76.3484329803994
70.744593520706
102.10244302209215
86.46363173688509
96.46037945003569
105.61497745458404
108.82412648667655
91.07735867523857
68.73048208759943
70.31548020104991
84.86757541801526
85.56406926135533
83.18174366147234
86.54330673565106
106.49195373786482
88.99655091934308
99.20543535601338
80.4342681890778
106.83310731102115
120.36401842319896
97.8220969770814
77.79866773847365
94.77335901477154
97.43860597139965
81.92989867725714
89.42059381663394
83.67574119611253
95.46688175775559
89.36201589665043
85.86450788037757
71.09110989969227
90.38248882867886
79.84299686993322
78.96189209598836
81.48793111165539
69.58981080388263
87.82132242513794
70.15666627214563
79.09032080192821
83.77361748804968
86.1527223981342
85.29148016904496
92.84408022004
84.02407739878092
79.7859932499452
91.09878949721664
82.2468265430707
88.34971247535503
80.4682537742054
102.38237533878988
80.62053373415104
93.88059587127094
80.97387514562895
83.87938786946212
85.52458065876385
79.3936746466497
86.34436445433414
72.68408361690713
79.53923574534299
79.35343309378374
58.81025267363319
85.6124428641538
104.85366848022956
86.17415414644658
76.74432485873116
87.79847372939727
69.33048263120159
79.20343741431735
86.20847822676386
80.82094385873503
73.04654305381156
89.54029006272947
66.08944284911591
79.40041039114614
97.58115594359457
86.23085806583092
81.73643617848296
67.05498974727695
86.67155219257938
79.72433697141702
77.1027702770124
73.45374004384811
76.37719765888326
62.96990386293254
77.72898326603602
80.68731930353185
76.22274645750772
75.52472304854892
103.0392058212749
74.77695069657739
82.52905944102268
88.58644104183145
80.92107244174069
95.39252359880862
94.10100462870082
87.78355451772434
84.99756815376469
83.00323743932883
93.05093182063605
93.68135493058094
83.04014098201536
87.16741445219911
108.5405374414269
84.56667341499126
100.37993962410822
92.99993027979741
75.86899204456915
91.12994539821119
78.84574306346583
99.65154618927996
72.33241782434877
97.2241154361094
85.72640082862794
104.75805163137855
84.46281535693679
76.68286320505172
90.26628995471216
89.33517663810257
75.40394868316766
82.8236904773523
75.68587364905203
79.2381485924576
83.70467263178058
87.09193954223649
88.14461363016571
82.08720549331686
85.4206634556079
91.86911704265007
86.99397328822458
89.09793306109101
83.39149834303036
73.37564468636208
94.8732877318473
75.80573410601795
103.24179650547565
96.46489606585172
71.53482629281632
75.7625728488625
98.56566474036012
89.9845981998351
91.61101529317021
78.37404835720112
61.37336142734706
80.15820589583468
80.38657251092775
68.8880310063859
69.19531527046868
97.87799119979327
81.70637079947832
83.85002833616106
92.43424412693128
82.20645647979217
74.4660842047969
84.75353096871946
75.1824244572993
81.80742302213301
77.11125734214698
85.51168507899561
88.62455488821699
88.99256918389877
85.06917019978336
78.1712184469325
85.34818644139176
73.6764141158477
93.56675239999744
81.04136075666702
78.17850266779489
80.22258561767693
79.02497548428491
69.53148719425548
89.34789879598901
84.66375116895863
79.18275744932943
68.89773877734844
70.34316774642814
83.4998124104566
79.68625845565622
74.58409765021574
101.06144492172405
83.49663048526166
105.78972273808283
118.8974041052099
80.52676658286637
93.51118161215841
76.64624060810631
96.597087090111
92.00812021964578
105.46369776488396
78.54343937641819
94.20070776784715
73.96040973893491
90.154691901136
75.43829375221803
63.966796349224936
70.00920847214569
97.09514064361576
80.07728829066163
91.09522898086956
90.09686304442529
76.14794251950502
81.73103219041542
71.32655592866759
91.90190921347802
77.49503146576527
95.752047223964
68.90142693349259
101.28869161957589
91.34166150248006
91.97316647100243
107.1240357148437
96.65590366082193
91.82134562785905
96.85935535435917
77.18920277166546
88.09107230230505
98.75421066386282
93.2510852429449
91.7344960296416
91.40592968970229
88.17934397279726
82.77445687981734
86.89145353623793
79.52285839929026
72.50956708506158
78.79326032265445
96.07536475120098
93.10726100361204
96.271829567527
77.77421123621706
82.57981047571725
79.40335577505587
59.96644380862672
87.25727852650145
85.67893934357895
75.98629364488062
79.13059252543624
91.94807966773493
80.75557718052629
98.61429655814382
99.678831501689
90.35682232554483
95.58574074903497
72.90963046536814
95.60021566804414
102.01013193952174
100.55003413799503
82.67943760199695
82.72014254042348
89.87020689348918
97.75790406194913
95.40600019439334
69.43525875240837
75.13477265631218
72.00807038236671
81.14235775308312
86.81083493284093
86.4818522639835
71.4294119514821
84.61846127563403
79.84099085071594
94.65680504890113
78.83500224767344
97.11923287505766
88.7595844859874
72.90570415862243
90.69714322279063
74.61405895868265
78.55196199785094
89.896064824505
70.20855549789624
95.0757524875886
77.29359476638759
97.4420698988273
90.03021962355122
82.84567069851708
100.53745344922393
83.73040265835324
72.2945633515047
96.89334710076432
88.86173090430289
78.67538456108144
72.74789800188479
81.28955425095505
62.68433719032152
84.89776871682491
82.46850860417895
84.06231825323749
81.74544052796641
83.77746602005243
70.75421237075477
89.62084463596624
100.38770604247175
71.2932202232822
92.67403892218945
89.49673469782576
78.05041852679132
84.28121563486847
75.96213701746213
94.01416558990307
78.51628618813612
98.46465395938115
87.01840337473429
83.02711944671196
76.94557528401943
79.50658934176985
75.72587950293631
78.2786249738571
78.86244486374544
92.65986139792138
75.96033450481023
113.90716254135916
81.93558431533354
79.94862676608359
94.54739118836997
101.89979601296635
88.22743740773166
97.12899393470187
91.89496680477853
92.49867046338996
78.81891055121764
76.4331369529639
82.83306230884253
80.3334149323453
80.7075953293467
82.37423945556391
85.90537401769446
88.71725338876233
90.03404619486699
70.03246123040479
93.1534891957756
76.25708572896038
72.33214582795559
68.29815719131015
75.64088206766655
55.69846134288261
74.53980645923839
68.3749336257508
103.76676231125111
82.16316663996028
83.37284117733753
76.28882989718464
73.76683276456303
74.55204921091259
78.60283903289273
82.78320738862256
84.7666235999649
87.52742399901787
89.11620442559158
91.94255002398047
66.13709749090025
77.57031130050603
75.89857403093194
74.41544142346248
80.67921308948526
75.39881273100305
84.26876038044716
81.67866394701021
68.7195779824315
83.94660923712053
76.5950936537157
81.70013255098674
90.44055545380411
80.72749807901894
79.92187644356258
80.55060363418346
66.49640381446852
80.1479723724007
78.9945822904146
81.069711963846
88.67700895760208
83.06929903010884
76.76885842416861
91.8160941808546
84.53209628036002
94.8657419426588
81.5268960897758
82.00882175976585
78.91040747149715
79.16783422559776
101.30924006538375
69.66414757331388
89.50930358466775
73.32745348358081
70.67939149721023
67.38629856629156
81.74804716266803
77.86487162740484
73.15629789862902
77.52637155133287
77.40691883294208
81.73999519779748
73.70954836623761
64.69341186270474
61.90899809689089
86.70931156438742
86.76594826250836
97.12974021578677
75.8901997689822
89.04863817886816
100.74475149692107
95.69818240778442
86.5428321669252
89.86143199429387
104.03230134824572
74.10458173438998
80.19822982779009
69.72839594791279
83.43533828937322
83.34356692484185
65.51062696550919
80.14929278357172
82.44946849140021
85.74012065475424
76.64639992137678
77.94887664036636
82.46800682949127
80.33710764216073
99.65181399800109
97.42265037006858
84.73765640319935
103.16122265882734
77.75722124889799
83.90370226443599
90.9681726264106
94.51574210668984
87.48762424129752
89.36955162080028
100.49259077050043
86.626374905625
82.84446219106984
75.60874371104501
79.8338541701267
77.06102401182079
83.18201163847746
71.81419969888654
69.36657871570874
72.89057104838906
70.46087730861753
60.274598107545614
65.1630548848645
88.52733901382068
86.23750742177315
87.64693796890113
89.24211793161177
87.15927989894118
92.20179619077551
92.65232744397302
84.42592701105782
93.28317432583437
67.0386738636433
68.30817910014225
76.36753059024154
80.24892637142476
81.2159476408056
90.60118182451598
75.29281868710731
90.27665483735164
76.55163179921357
74.3395439748892
66.50343132853583
85.25214833276421
104.90639280178738
91.66130772666817
104.05403359648197
95.11505185430025
78.033104995898
74.31506805019029
78.28229403531526
81.41463278951998
81.248402260416
108.51519451758145
83.76788350264356
77.97820657371491
72.33424686437911
87.69074275996185
88.11394809676662
88.91879886254614
100.2223313446125
89.53718051051912
73.49029782272981
83.82441550246193
72.35945715175836
73.01568366966013
82.40131281864592
75.73193483838263
81.03156099147274
86.82644474521963
104.45600199440256
87.94728407031849
103.60856456221653
79.09155219316465
75.48500884825654
72.5825786388292
82.71475399178416
85.49198493844237
80.31563692270103
88.4224271241612
81.42622711239731
69.08008940129957
91.6179920233102
91.02876385012672
74.51802138907057
93.0361588515182
59.969832631722234
85.63642323636874
74.48930845184293
78.72463426090202
79.9351786422456
85.56283817697744
72.72340109725272
113.30426276109391
81.35586768600126
91.30145020979063
79.97223475509945
85.53288231985618
77.55648465962673
80.16007653880204
77.18245887414302
87.61969080943395
81.48969154777849
93.97047506222025
94.75034080799868
85.21005204674059
77.59967239726984
76.1373608720565
84.99269424614562
71.63564195672248
76.7861306781051
72.39272984615341
74.78389983715978
82.70241157281002
86.58719611013788
90.79090770606483
64.80206500334371
84.38329752851043
96.98013593176277
88.42205966754504
93.1273722800192
69.67215240087495
77.55431835145394
79.46218930423277
78.9471863235063
70.10964064546047
73.52935416604929
88.757375530181
86.03523101973998
57.74387762647422
79.45855954340354
82.06027501086469
90.10704130523484
81.11074387133085
72.4344207810486
90.88485226543905
89.8826046475246
94.85287433298375
91.33553624399534
87.73908349916054
83.31879079938723
67.53317131110029
98.77460774998079
82.15484576496635
83.16733334940703
87.04722873472343
91.11770621355763
73.05891587524154
88.65793442427074
75.13687566791025
75.11597807807082
74.0803895150802
80.80222308073131
80.21660826257094
85.56778784766001
80.29508235569223
81.31137571263093
88.80836883002883
76.90637707888858
75.11754120305558
67.21022818821267
70.36911812784021
79.72588553556362
82.57033533103728
85.5537990983716
84.12207720132417
78.61593727739752
63.56678957801139
81.69083180761109
74.58004903437832
84.36615431942124
79.63305726531813
97.98056900476945
85.60314229927226
91.5393756766703
92.50062531043784
88.00352868801174
85.18534040721887
76.93763221350815
72.85010165404046
82.38432260645271
84.3720380175782
91.64748642274658
101.64056012874154
98.89499508182209
92.83898463081684
82.1666459474371
81.16887083031496
92.68749886010112
91.81260791969912
71.92073953549416
81.11085564724632
83.964436725014
81.89820051478317
69.82111947167736
80.57412053396875
80.79458355814681
72.67982117128683
78.38761141590308
81.7542740383217
65.41771649850537
83.93116114550881
83.37031270085969
75.16229084761224
77.05359646792441
91.35623050742505
93.12392081525815
83.40227245959137
95.6041145921763
94.1368606426033
80.3612800741454
70.40725726323265
80.0597186189478
81.36350533734642
87.83740427321362
68.49772800407796
78.30879256938877
75.19574415386312
79.80627787106548
72.8842351915947
85.2931995178544
84.23228777203238
65.68618266705612
65.60649035485879
96.2528989184897
77.40425263858607
80.52237343033293
80.1537111115309
65.34574889441072
88.15023302805204
91.77583047492362
79.29230193937583
94.89440382762939
82.86984825167806
62.90609992784996
74.16598005267697
71.60038298836925
83.34570422096596
89.5330388494855
72.48508207375582
68.92871077562668
84.26521778273285
83.48301470641591
86.44901707672514
77.2973259972892
76.0946586307395
101.56680355230075
82.43696371764642
80.14277799313041
88.20417474609636
91.5304999229659
77.91429088738337
86.06921905050244
94.10731190496851
101.33634034536688
102.3742067155483
72.06412227959852
101.03113420756432
77.07983498625201
87.21025315201265
93.9399657543546
79.98912905876482
81.34267170045867
73.58386093159879
80.23084392160767
70.95691836112037
74.67021366535833
94.28484730862084
77.21508609682607
87.83240132149231
86.31425478885492
84.50009815898224
96.4329267158323
69.68995697624793
79.10541681934862
98.0409607709899
87.35600439174449
90.01406057265872
81.03123559522459
89.63765814593536
78.31798008051605
83.19247714866236
92.34780821259208
79.02301544992852
97.90158405644168
90.23158064365006
94.49403850214068
78.41825373128493
73.97698298925062
86.97313110535931
74.0234081908089
90.7583434139967
84.1976019961572
68.78031189150454
81.78151033783564
90.74254524565556
70.65498705469119
71.86763416855746
83.5524575837634
100.8937196047437
94.50509045972859
83.31004646141297
97.32670900708841
89.51452722478656
76.8740735777285
91.18333521630694
79.54352265759576
84.20075308961437
94.46656861118699
75.53375510486148
97.86022764875752
79.51040650720242
90.63318788704791
80.49801907760045
91.4736358579575
87.1768624271757
98.96925243127572
78.6571058399614
80.59498802330802
81.64536840736753
84.56911326460595
88.69528824711406
92.07932362537089
93.21787779926632
79.6231886319409
90.11769307237337
88.59512614107643
89.67336885926697
92.42695426290697
67.76240615098722
92.66072781868704
82.83428228187
85.00683570831687
100.44311847386874
77.64790280214795
91.52918022471843
81.38562942356599
98.47402448921116
91.56655628586049
73.08340420858741
93.7930953894614
90.73469926294548
83.68817332618708
85.41526833688916
88.26706214997739
97.58868881903662
70.20612116574932
74.84783680520889
81.54438168550767
71.02923305453663
99.37176748050601
91.68219142411999
74.0972835253772
69.03436588526708
82.89976863976432
88.58196946155147
67.4548355447747
73.20859510988298
80.86585818253326
103.70646356869213
97.14085273909636
83.40290992489592
85.29733382042376
69.18447887102379
76.58383429807255
79.04402517096601
72.1666223924055
78.01582387333703
83.14132004323426
86.60731709089993
79.75379913119593
76.08406196311715
70.1998626610241
85.9532585796932
70.0328242981028
74.0503470539466
66.64819497408372
84.33621233912206
68.44114128197796
63.11040646870876
85.97184547431303
79.2713792602327
87.90957820601226
79.96025631133004
85.5916828427302
91.46974526372234
96.80362697328873
101.75275408254623
91.44167688089428
88.5815793876005
81.26358507661864
109.12901851862391
79.68367670652935
95.73391883005063
94.67631278770112
86.75851208884632
89.31285078623337
93.66879815491075
94.86072150129553
84.62579220789846
78.75963748158843
72.45468585612923
85.64467480919801
72.00537613557769
92.84104595851713
88.66142634346417
79.42690236254528
76.78889403919698
100.25241760084084
90.64482438630976
96.44924562151796
93.64991180429676
71.81231165545533
75.67767468533567
74.048494253752
80.33512965565002
93.26902734977375
78.17690938730186
89.46904956667508
67.74511244461056
66.4811735535767
82.65186192614267
67.67630517607546
74.39667014224328
79.79347736831839
77.84757619171374
76.8455695184688
77.01076569395536
78.1109396108487
65.38695897775578
71.6821498072758
73.13371038138075
60.62473672693177
80.20638471788169
65.61492347138702
82.42509606325177
62.971948991908285
86.34162031002028
85.55071522004933
67.7565721124157
80.54511494155847
82.8925858903233
77.20895487041341
90.70748368305426
80.23537590241253
76.25149707303464
93.3021014750914
81.76383557826331
83.06292633225725
85.8503171286325
96.0513464551134
89.0912690445095
67.81765476986672
70.78876426994418
78.47572138426278
94.11264034235823
71.88813772087875
77.48440985592585
83.9046787583018
87.92527717948467
91.98479091876942
72.44472676343246
71.70413913132742
91.08287350094237
80.44316451635483
82.91357749999672
84.65702637054537
69.4319935295525
94.52496591356613
71.01310700209483
86.44997662674746
89.57300596798106
76.45460855872722
101.39371022864174
95.62076034754497
85.99042694321838
87.48959608039456
80.40823992275409
76.78938518587283
85.58027276648725
87.5683802420833
96.372532801767
92.8691132073697
72.86236365162226
74.25557263945096
86.04476479613832
83.3457447817876
85.31117946233728
92.52146899111695
83.84417880658809
89.3625916552741
73.14728462509598
76.587481864738
75.06506508991653
98.81176463174118
72.39155652468126
87.9644200762488
78.96562500796523
93.9390238872671
83.7574913564176
83.40229923770423
86.8531127104538
81.57909032745361
80.75845642219954
73.28666882641267
93.56590673904617
88.16151496044232
83.71323396948723
102.28363155081394
83.81694322366293
93.94863404804258
90.67024489909421
94.09768841374209
79.8484331994712
82.84504616713939
84.24858268601388
82.96071702762144
86.70825034240696
96.5420492099895
91.18958450050604
88.20769968116088
63.12509136167966
90.44969379988974
83.52675813602124
74.41555574713163
73.4078149942363
82.78534014869736
91.2252246288416
66.63813474916066
92.16015629533504
98.78258010431425
104.36650155262775
93.32003802306423
101.03089742683684
89.52490188216083
85.49231705851966
86.97219994734893
95.47197387050166
94.377222491736
81.59440045356727
102.00778226934493
70.95434872939256
95.87297469692155
97.37283208726758
94.79184483161978
91.65490403291241
92.21457399208181
74.64944513939295
86.75201251778473
84.12287210514042
69.41766319302565
66.84001829489495
80.22680813314207
63.16141925363515
76.34161554539259
84.54830688829207
64.81193643489406
74.90144252019252
81.24572916998505
75.20478746906606
80.3110797537935
73.75742106276991
80.96946006083046
80.60895467975033
77.44963947086168
77.70457383674318
70.14426347100716
75.1786601854779
76.49963600676763
91.01922025066818
105.89869609425975
73.88122981465393
92.28365188684343
90.95211557327434
80.61114538623737
76.32345532025666
93.72461649853359
77.50126138182993
94.0899915356861
96.50570810912164
79.91163660551652
81.34180773777783
88.75969974524712
84.01906143331699
86.52843570489088
79.61270948812553
92.5281613152424
83.88799859764998
92.05871445754117
93.875663785085
81.98324100165773
80.97306145776658
72.20967129634774
83.14245878994001
95.47280256953336
82.12844221536967
90.09180192708143
80.75412853552903
78.10984570590692
81.81830669383284
77.13431305987238
99.76098000275177
89.0182281843348
78.84947135963083
90.9824049261778
79.33123449224234
72.15114425022898
74.69946896853565
97.15402411977756
97.68644118368756
93.06133677708011
78.00112755773588
87.18615013651953
69.41134969910988
79.2571767543865
66.35788287037718
85.91949125755382
80.95057606043544
73.60638475062046
87.41703561749584
87.98175575988505
84.12914901119832
71.34788600938364
95.26926087373812
91.4223235828982
87.16822754308053
82.87853061187376
71.39160793686511
81.86861022084085
71.95994924246268
76.29122882602785
76.86660813095278
93.99892036939389
79.57147885987139
74.21313359259455
76.09456035966117
93.01639514357831
82.45520898678652
78.57093797131675
66.40828253253929
66.50620741621854
82.90732912644232
71.4082866577598
74.1026500394044
70.56302122944865
71.54066286714045
76.26755889883118
60.910027286562894
75.6710764058113
84.97671839927794
81.67281932536434
72.86023136288159
72.3950092055865
64.71155183224538
83.51781329493052
87.43913788776027
90.88237092506914
90.00373415459325
86.02968317017512
102.81347240744324
93.59074294198318
94.91703062740682
86.26539652555701
