68.40914594602728
71.18873542613007
89.92784526144686
86.98552735325826
98.98879325973655
75.28667512396547
84.52724682622907
68.06235964779275
80.21814713559475
84.87405376479198
100.79992504859945
71.20661582737583
78.83751887888381
86.57960901607957
88.19776670036666
107.6266359086965
92.61896020327983
58.40547074686544
78.29392389444719
82.28171892459657
76.70527959043888
82.00686957697478
94.16760816596414
68.05304740410611
72.07963019961475
80.50270389498502
70.39062343274071
87.71294153443296
65.11510492124512
65.72274355044773
61.26384283881274
75.54551876447013
100.94050232585947
88.39784320340428
106.80599689429992
88.87808711435953
95.62882128328398
74.38975786122116
71.18997295275234
71.28469052601956
90.78652094280483
54.787078919158816
99.92467341390159
75.86461971794932
81.22912613592032
67.39329969313049
64.0083875667642
119.44350534956705
100.44994669668827
68.72812502721206
65.99662568105833
73.93854232082559
51.83059407907657
87.69426546981552
98.63340373544656
86.91798128543499
68.13578430952967
90.52558165826382
63.75193292409694
55.45369989388269
68.96313957562337
96.44376932396669
81.19738061922125
70.33217343799559
94.76976731907182
95.75103943272958
91.61366280271709
78.37866310963133
82.5983568751635
79.27063793952931
81.58115957690148
94.70663666731473
82.33837948912125
78.7423261124814
72.69119178505493
70.82212832044574
66.19715605890164
78.13669021318162
73.15885809788476
75.16669056327606
78.68419837273986
62.849416728810944
66.88568243077597
62.006986805090094
70.26595948765063
101.23400310087752
84.51561439160825
81.25440722975901
71.4073677188851
72.82786978395735
86.85092502529469
82.34308823829991
69.3555329352893
64.55690829990432
84.019338182116
97.31275623463549
95.74132569767545
79.39307203096706
102.82253250580445
100.66881748087754
71.01518877439342
62.234069889301786
66.45573830293344
77.89921355512767
71.4562479290823
82.05237878791118
72.88704481553852
96.29456809328045
105.52559333607417
89.17011629237861
95.60355356390242
88.26817193377082
86.98355954704813
72.63728535724835
59.56081452362373
81.61751519186612
93.31535187915739
96.02827323694203
78.71679125141608
80.98052243767526
102.1348105021552
92.68442029751887
89.93105367175134
87.12145372618619
78.90628859200125
108.95493249794251
80.7725658104857
85.33561362915019
72.10543027980938
84.19914422586231
89.75933847246252
103.80434019293826
70.65816746733279
80.86143583010062
84.85468803693892
77.74826995330734
97.18522097419284
93.29894164281617
76.3287575528521
84.0764117693236
105.52825559564386
84.90287178809355
96.61595213283837
79.43241939275966
89.22768301654546
67.16006623121383
77.47489319034905
86.0273977344268
88.15488026883183
93.8793279335385
80.17439461295369
83.74992174425931
61.457982701289986
62.47284055243493
65.82787234496492
62.198084599728375
77.34090741058317
78.85525551573113
66.58920672171847
70.78716229437082
65.80277199197303
75.8929248240787
98.37406356687671
76.91443830662674
84.63864521636627
85.89930361679632
67.22739377579809
91.47602410080431
63.77374780792684
84.84382376859807
77.9592511174102
78.6668515617419
63.44166178331294
88.0018309344007
79.83116985775553
80.86192082844138
91.14235389197621
69.44468833382406
99.74414277158795
64.76968682615195
69.43958529637798
81.37900144306634
91.8651914646459
70.65399799388861
109.3568167649053
101.80101800044298
98.89921247735215
72.52712468497
67.15141255407755
85.88079661710108
72.94706838048457
79.61919085105392
92.54238928176395
88.24994079920977
85.33285959425017
82.98122208390151
95.95288734643155
83.74796708361315
80.4068221882254
73.25609677652244
75.27162256237598
85.78556994710885
71.0277572034686
71.02960134432772
67.90115710531656
65.2034882673725
72.02750339114617
72.14625554107248
81.13556879957984
72.1371417786398
103.87316406527398
75.89033115567918
94.20874439659636
79.03005241268536
101.14580835376842
73.81758737132692
72.77444348054192
81.88298095840373
75.7024851311376
86.26751407543763
62.03858600613019
83.00763679522946
87.90118451906247
82.25171641638349
84.12977618518964
78.13884341438302
76.10984553058604
74.13610980985302
71.87515465081863
78.71027187108052
85.83530551615328
65.73346137016038
58.68341798453478
79.46520246221853
67.2375984181367
72.56338233555951
82.91265217212613
86.29123558388147
85.65387376960321
70.37952812979384
80.92199219291933
87.19700975324882
90.64975414700558
85.85791708314318
70.70824314823348
66.14744732720243
74.34053422801821
63.29274141015081
81.27916076456664
70.69247212580777
67.3371939658815
94.82692225421994
80.06158450769415
74.93264275727002
98.08168189860659
66.49160092576169
74.91520939669398
73.74013932841248
61.33695369454894
70.0616477658565
67.62435608777885
62.35692518754671
92.54629447986716
67.01733067472782
71.40373864129971
62.19951534165108
71.90135045014834
77.50483471520205
82.0986879027045
75.2581679972273
85.80325539781809
85.15407057815723
78.14375127682042
87.12836972831259
66.2405671193194
57.44936914918784
90.10561595346675
70.72789383469312
92.83487326560498
71.30206891853963
73.89192674521222
96.45865900646567
73.30378409518556
88.68151448302879
74.05824830650675
69.9614065784735
69.28213500288292
95.06646230894445
88.03347013143583
69.67445981420649
73.08551109329831
77.81364388455984
81.62000657691893
79.90454401783755
68.35564504970726
81.94116556259956
82.39579592601737
88.79229350778833
63.29128727724765
66.8211979470253
73.07354732325088
91.87524399653934
84.29501972072856
60.84368973094582
68.05671100052146
78.49494502020144
60.9298758855495
77.68588939682574
70.69257678853972
72.42894331861675
78.44005985484507
61.00605287800093
79.21682416199648
104.23924260397474
79.77365496425274
72.23680962487887
71.08003086625138
69.41455972715023
113.09750640879201
82.75243750138662
92.34645609306642
94.9216511320074
84.42617579326601
69.67152485849189
88.51671995868531
66.38283992183034
78.92861417390397
59.61180282770036
75.63349127993891
90.16427458862783
91.2048154640727
80.65042272983541
74.03946971220746
98.31838537903305
90.60272279067803
68.06718372723837
68.18828611939522
68.11724404395484
65.77774809774623
84.27545623145524
92.8589591184368
80.19605178986562
75.91370668137402
80.54104125457523
82.85853229739745
91.16949327779746
86.98536747722726
77.08150007368279
85.74654960868484
76.99836879856001
89.48817444196304
76.86021500399686
71.1132425472562
78.60549308249445
70.84864327386245
63.511294950278156
69.95453753391168
95.42159788276591
64.62752484221618
107.15850668740364
96.51121186695195
84.65940097369263
65.6543815167684
81.8302814388639
85.9725161062518
66.07984037618611
98.34406450009607
93.31813029934851
103.12809779672152
78.833304521972
75.54140069673413
65.83857123855125
65.34120092991994
61.93494467328309
91.59752139764645
122.63602629171638
75.83677172046153
78.81907064408365
82.18585382315024
97.85775384555949
77.44604326298625
85.94489419414204
73.55689367386557
78.13948612816968
88.42570974764307
88.4750534911956
93.02537394197707
67.41319449499447
99.8913455666134
89.6485815285812
89.3699685676971
85.44594165883962
77.37216640331742
92.45815430421115
84.2593774096886
92.40039980365748
99.46995351349909
83.25497128295883
88.43756983526085
93.49493113360295
90.31973259662851
79.88039263731997
74.61599182071701
71.42323989981473
84.07089687087095
75.91148003760371
63.56997737413081
78.45219110514448
77.91000161483154
80.98907137086887
59.56096646884848
60.95151323360892
78.95861057271057
65.78909460650272
54.584248909095415
54.71132957443379
62.63303886531764
71.2130330254606
51.23995192091221
59.81055388442002
63.9072155715577
78.18424828373489
65.14087040866262
82.28081697230844
80.32573181014901
73.92462494946462
82.14284224969626
73.77597480757734
71.71911577054452
63.17926040731761
72.7849786337418
77.16667557298072
65.27425366659376
90.48847417380178
69.40704743977679
70.27232471184634
78.72105664476022
63.75732526957624
61.07396797515644
70.32692797179202
73.4918848660326
81.43310676713531
82.1636697603246
78.56461295034022
57.60688879385347
105.64801549873057
72.4795177969299
76.94053911681455
76.65339763798804
70.19115417383713
108.33101809684602
80.5184595981463
74.9510059554313
85.58272909610785
91.90295895566385
62.81969535102085
77.95320286580073
57.71746140910907
84.48271064842974
79.3609175313094
73.6810841952234
73.85226442170546
76.97931440494068
64.9338999479663
86.07077344402258
76.88853501582831
73.26734674189056
69.69112038132488
61.37076951598628
75.92177011075279
76.7870260131814
99.72148588934218
90.34345863952636
78.26858223759312
87.18346266290442
81.2196642458324
81.90196233369451
74.09640314060779
76.79453402536038
69.83009482533284
65.07808921170037
77.16197212325827
70.61648006452093
91.07010365234729
89.03677373942541
93.95745295666642
72.04290793059518
85.09514850708536
83.45175898434002
92.33982997692547
81.68602260523065
59.215603480000034
79.78076247972888
58.074139461118925
74.71242609681443
56.184124945741054
80.84216697266794
76.52370740004962
70.22640376754083
79.7795558920414
69.9871318244797
80.5947285069839
60.101737340997595
66.25817027830185
68.19179916458165
66.26880838458224
80.45466412790807
78.60637014345664
72.83033655806139
61.27740221681984
56.37830576635207
68.68995356496147
67.83815477536531
62.92125325319651
71.41912574949305
70.24939358177286
81.7536126431378
66.36026700096971
85.0807428120025
82.79136033957978
74.3859486387619
86.10033852240024
71.72897108142325
94.97421831286782
68.63849119135475
80.75145022655609
96.86256867791501
70.29866271035714
78.82999905595459
90.83770382466197
80.63843766661454
79.99999377138644
101.67233978368492
71.9972494171203
96.79900828191198
70.35379157434605
89.34863117512643
89.83485447154477
76.08246952491777
74.57241219954068
71.53483505856248
71.3266396178217
79.77003524515095
82.98612349643808
76.47620575411771
69.02000968243972
90.43928024949577
70.56059936494368
72.68817781739679
78.8018179393424
65.20387358107797
72.56800879063081
79.51701783696244
83.188372191078
65.66420902191898
72.81055403154292
80.80484036823331
69.06952734467407
69.70134662254065
61.14512100038558
89.65171339136673
61.374019705989134
74.62672220571072
73.88351441031013
55.35651410989626
71.79319103257174
89.89764968850851
75.11296782514856
81.65691825283356
85.24909850016304
68.40084133107376
62.45752987283205
72.99637629212377
96.17630126274652
96.82607326939633
76.6897242025504
119.31338601356862
87.96532713852089
115.61082563605561
72.36767001912594
53.95356995930039
58.77312031669753
62.29431459626367
69.52778351338162
80.06884493150856
76.24402791649646
70.21890255941418
83.64604432456927
70.25203741818551
60.032857358232
64.74433471925484
81.71477532158436
65.4702874173335
63.600118366394376
66.60368146939237
69.34583828201578
65.83885012949402
97.85207603417099
80.6902440555408
75.51464816834924
65.93179413619991
94.55786553321579
88.28350173808337
70.75839044387416
89.06911959982949
85.9337204516069
68.14585830353505
112.33262429254385
93.8219813529082
64.05891662041489
68.04449785353366
63.07257010886544
79.833859266631
75.92255245851591
76.55823007880691
60.154847408611374
80.7188409011505
74.24018817072714
64.23056607616095
63.90160338660275
71.07146829221652
78.2871721772606
76.58648181400453
61.342162212771946
83.98123919209854
84.27066189023601
71.74095295684262
105.94474807397013
77.00016534691657
72.27930516631653
86.10039307501685
62.85685545395268
59.27369963432047
73.47430882470387
59.28425391906626
50.52966673563036
72.49868500894678
73.20910845874283
59.18763172533784
64.00395082859961
60.19377478676108
77.84718321039763
72.15619540230524
70.20725350012583
65.03688706517381
61.65858366260387
69.2562632608366
74.35105762483344
67.5832575677663
53.486451753856585
73.6252890332415
59.7555113165534
77.33312895321372
70.71567507851893
95.71830593033384
67.33259850554424
73.02653561793105
77.96032277282706
71.66450274912191
78.28934039071326
80.07761959628994
67.73377477126093
76.3832460473895
82.64561026346838
72.5955979644685
67.19653097565931
74.0528200795648
69.82105298794895
66.25875306102473
84.23320299390183
75.2358918863065
87.83000264256196
93.8911266748642
60.16479658619552
49.61135658086654
65.27102523668994
76.94311731802605
71.9807974512135
67.34848898293168
83.39558559382884
59.95288580534791
56.671367355426064
80.56301099065853
58.045542134656834
81.32112875176274
78.54275452467729
74.0084484393957
72.39393309672617
71.60675061394461
86.26200635239839
73.30262771152393
69.32559130527487
70.0178230696056
84.39716966365037
79.47177036496612
79.99040782821298
84.4032989924451
65.04883090485312
61.39521575920315
64.91998638579223
72.11542711986837
82.8730343756982
78.54001190685103
76.91160475062922
83.225360776704
71.74969643341136
80.3833530992398
74.37189288424972
71.96759994405784
65.27082471855219
66.4448804527574
70.59492766925564
53.542164961579665
71.94696119749226
80.50211472130813
62.617553653152314
77.19615616900825
79.09157111998005
58.218676923121265
84.85104383748056
53.44415225682913
77.35031472660742
92.82760427798596
82.0804476558413
110.45176506875293
75.98301070422637
65.4719947380884
101.63259173055766
67.23710692796138
96.74260868573418
68.62718841457472
72.74128834517815
74.49299403929814
70.17197330012505
78.79206563758898
61.012750130873954
59.79870889922492
75.48584664592845
82.49580134543234
92.38970577288542
60.19666337275669
74.08039730046582
63.79920089662173
62.919638135189935
58.99261647434589
68.8895198965437
58.88922673594791
68.76071001314348
79.64674184056874
66.43700548650688
66.22227581404681
69.88009451339862
72.72750769098249
73.79908145735655
78.63563696198595
64.389088686923
70.08098812676764
65.50524747748175
78.25579247919389
64.80751672140238
95.78504946400534
66.12164588473425
65.30173650200204
60.833471093764665
70.64944761874698
66.78121668707206
70.2443813655634
65.08511237970657
54.93816958096686
68.13516193085736
72.63171034211743
79.87836393277266
68.61701051045016
91.3122887869073
76.89362899407327
64.54442340492002
83.13206190061348
75.20632034038117
61.38174621923134
73.05710885023763
73.63153194588104
75.69670352979257
74.09452128119494
82.19105386879671
72.12509847038517
71.98921797806774
68.43903136403542
88.71164528295513
63.516310110269075
86.40603733168183
73.20906780680694
66.13065642639857
70.22992141480984
77.94727111567042
85.48006172231534
80.3982278015768
73.14038664496452
76.99806491398788
66.26122207925212
64.80808248335028
71.53015460765594
77.31104976759005
70.20968517682884
72.06584672319076
69.6904545900548
84.04754895649411
76.10333745613907
59.414637077472115
71.07818323589336
66.79301923884887
67.3811846496402
78.6047827505203
66.99592187382669
66.35207924179686
70.19537000450448
93.91136292575624
86.62390283316226
71.82374944673661
80.08252436461576
78.54942198990393
86.66182619992263
76.23614088627458
98.50791611863775
76.7210185685755
90.13103436488656
73.36937384144163
80.65700999252948
79.43223401226909
70.80299808517418
88.43641306882857
84.54357192476631
79.98844617486102
77.69999977678425
70.2398892712512
65.60111256364172
80.41279972013328
75.46321454071618
85.65596838604345
85.66582992572653
79.48127323920474
92.25612854205077
71.48713253638167
76.24163770740647
76.93385278734867
55.6833174257856
79.86880890507508
78.5770539257363
74.09400365345353
86.4648660521891
74.19806248144506
61.07680244722538
79.1584253000615
89.09498022050222
82.4964976376012
74.13478139888126
71.27386137619813
75.55843072816045
79.52600046426109
72.76851444501035
84.25938633160843
86.26451360905801
68.22720156164914
73.8180922424704
67.29496944873786
69.94363273360015
77.28785899673431
85.62855763645108
68.00520306256942
81.33655863986827
77.99775813234153
86.84038714133422
81.66426800612348
79.21973703042957
70.60871653271529
64.68740242232009
85.74840543468675
85.27044385824712
86.16760182209615
68.99108019713071
69.14224879647503
82.22530676253905
87.25092618949631
75.82651655812376
62.34152436813497
57.30029725488116
77.84980367604729
62.11540434228221
73.92919753956762
78.71742690870211
71.4115595253092
65.77410342016952
65.74263375108396
71.91533339714329
83.63704142870947
70.51162003430598
70.32303197771316
75.43566336154332
79.69547894210582
69.20714712016091
72.43075241618087
54.189915326280634
95.68779985637734
69.54529348113675
64.0991036158848
60.14802838574164
68.54713296036422
64.46143865500825
64.46424447614511
67.59180188585283
68.33987442030204
64.73615347023845
78.70571907779511
64.0671931308935
57.76780671026808
65.89172188715554
60.8830411248518
78.79374895170771
76.41413467426368
77.90078793347838
65.77037636189091
69.95079299618524
76.69152553525181
72.13415769917434
70.33447156852259
73.68291109495402
69.12602596475092
90.64832747809986
76.71371207320831
70.77637349602095
78.67683757037
75.70436793217486
71.2872138658844
84.58000694637607
100.76113472898119
96.44646277223424
88.7784630479466
100.0324537318108
85.24861075669034
100.76702592831066
87.51712174087805
79.81526657581547
65.71779080338287
79.58179782978004
78.74230954288042
64.89828300037803
66.0109637368071
78.66269638086078
87.27745668769482
87.69411128267666
68.39131021553642
75.81143683268299
80.00873189650244
90.3098331208217
75.73617925969297
71.87380238519212
63.90521739343095
67.97942080537689
76.92399792005968
71.95770586016945
76.1505173270303
78.89450604911647
69.4810864583157
82.53550863855095
87.03609020966813
56.964223974061575
81.86809655406043
72.54784796794137
58.13642856198004
77.61204655602249
78.35305416134041
63.20891921297072
74.59165887133872
89.74388635294444
73.98533705770457
76.80482677681299
78.18900508885201
70.33611703112383
73.81720232853168
87.11221329380413
66.65864248296495
75.26249453149963
86.29656298330504
72.246047757304
84.16264230442579
80.12102116567708
72.5787792184396
84.91085735480308
74.16614691237852
79.71424142284684
73.49287220483626
70.85840130792829
76.854218228564
57.77505722037495
54.8182983703945
75.7149100297975
91.8535334991549
79.48048792097737
81.37926742292298
80.82033135357727
81.53105872863773
71.85527203799114
65.16361303542435
65.70528247994831
68.9987564480942
67.35535759556646
77.75334271387572
61.64286174052122
68.19273588766596
82.70647481705387
56.5247420512858
61.259284395179336
65.23368113235846
66.92178787844071
78.86373401143017
62.1453927648709
61.21585089540053
61.45014449565715
70.93299454799373
74.63655425133204
79.62569239222383
79.44257407255894
68.54320108816243
81.94137703337942
66.0880918042592
58.65663211177806
78.95172095289688
90.28405842623853
65.47549090185926
70.26664698382193
77.69489844799185
63.36499463697548
69.46652036610224
81.86632999007273
74.51924593516158
71.08341418602988
57.615254842688806
73.65808393466261
83.69399575875737
82.98574486454442
78.96504745795696
83.77859370606173
75.72101981303462
76.40068130942146
76.36572814311812
66.8345564319913
69.5627959787385
81.25803602546725
81.10411528771873
101.13917443526866
66.98216189806634
68.40616125036081
98.35729893008406
88.3625953336279
62.62432045222136
67.99690144845917
42.75673869296725
71.15354407209367
69.67113554546029
61.93021730684671
108.91212986027463
70.76380863365323
86.08579488964644
98.67274534281978
70.33581084492302
65.91995496652694
79.13407691966373
80.72267631367899
66.18870638096136
65.19625015644559
93.59008556073472
73.79318104441336
76.8868901637239
78.45698418484099
56.628657591361964
79.57500484849821
95.24809163648739
76.0519926399573
73.7959131327627
80.1172608479969
77.29317893409176
80.12462431148565
79.93494573862674
77.72986948157488
86.11565441644817
88.29469623268497
76.18692378814525
68.02973176003455
81.52024503809443
60.59054581782163
80.09183187869716
76.64095773071291
69.99697026472116
65.99885855067205
63.209672330640615
58.03606579700404
68.36241127998765
72.54755807546259
66.67467634796256
74.56879606711937
74.61628636987768
