-97.50625772796302
-98.95018570923571
-98.48015571716957
-105.95595781699386
-92.81156345553005
-101.10542055550874
-81.43041701371084
-90.69074840877433
-92.6636853880589
-85.89661990910851
-91.83983782482255
-81.84359626177672
-81.90082648161984
-85.7442601913434
-97.51634642238972
-85.59265156409273
-95.32426929441752
-82.42135255565022
-79.73603909150445
-86.24301766674034
-93.30656227696637
-99.19094187214888
-90.65968412206058
-90.80221263317708
-95.85320790898129
-82.48512381771121
-87.92716678502406
-88.32522997041488
-86.7490352123423
-90.78942079904176
-90.91139830491055
-84.07224460434999
-100.24405331830746
-89.52434642281686
-90.10391359277048
-86.16147828445906
-96.68327818309422
-89.23673215303303
-86.60876233259442
-79.18480802785827
-80.86366283999065
-93.39969458557984
-94.58777569791808
-79.02063826448703
-93.47761744412718
-99.12739838198546
-90.46314879535971
-97.22508435868718
-84.56308769413116
-73.10009382923076
-86.3469375662196
-96.52475955697072
-95.61469466080132
-97.11545398514926
-100.50919540343024
-84.98554845633701
-78.89363740356194
-87.75992411539029
-94.26665714656622
-89.35065881578396
-95.48065324946704
-90.48178831217655
-82.91728408825304
-99.93999854504378
-90.50805930958401
-90.42410052932753
-84.52525217002639
-83.77738417000675
-99.24626929499665
-90.83133995992601
-73.48264876654282
-83.34716013387454
-90.19182276880612
-89.37166210340655
-86.7600318364065
-74.71337610063355
-79.1150346150958
-88.3658282124318
-92.50058082533612
-78.70269358511933
-84.95466930882809
-95.63608262808167
-89.61410232560864
-83.53348103643408
-77.66323809972249
-84.40849412802248
-87.66494639507907
-96.9619033616176
-77.19488310527846
-80.07857767084748
-93.315343803757
-103.9013227206338
-75.40813209800567
-89.57568131817823
-87.71046091230184
-76.94146752948164
-99.94412417580635
-94.24011835392336
-79.0623250376787
-91.43522895982585
-91.29448761477899
-81.44324006077552
-86.80842026241517
-75.64104810250518
-77.71136600403027
-81.38826189942365
-75.5246110175656
-86.25992315514341
-74.74979827319108
-73.77827411881877
-82.68105754519893
-92.21481829268843
-85.42726662394709
-77.92133349982916
-68.73099005087317
-68.78733071633265
-77.7846038457867
-86.05418513814594
-81.96001978526985
-91.565409841295
-71.09330275077396
-78.9197526427253
-71.92939879141701
-77.53589370459788
-89.19974744324456
-96.83176688925624
-86.57741808606306
-72.70455356678819
-82.78635115531743
-88.71950894272437
-73.74172529024308
-91.57612897156237
-61.760188077086795
-71.14659427551173
-78.7200713169908
-73.10577803122693
-75.0572016631184
-77.64435551596603
-67.65837805761936
-96.55693330062398
-88.94707977589064
-84.9458401162906
-76.35962964157356
-91.31418692534109
-67.55240611962063
-77.65020130511942
-99.67892020616408
-92.32945180575929
-74.64826413807823
-101.60319385518102
-82.51585728365211
-99.60396368856387
-104.9643632540983
-86.62933265686031
-106.99868361673559
-92.05468399785578
-101.59033637320351
-78.86325521001632
-92.20267123076117
-83.65284983604072
-78.89901855423089
-86.91910310918605
-74.27605249416368
-88.02790133518317
-83.10500552829939
-87.07724178922976
-79.6161132491626
-71.7587010409055
-80.96222501938718
-85.54018450209354
-79.83761912936154
-84.123121286459
-74.17471828475668
-78.36545497477559
-81.53946813923356
-76.60738309471355
-83.83890663823384
-92.29258273513479
-75.64201300287708
-89.98026082109952
-89.38957409279526
-98.81966913101796
-91.51435302952308
-90.75714949746919
-91.43819685598739
-79.22367034464331
-84.9868562612823
-86.9649305839013
-84.49278124779553
-82.08049220283392
-66.76264800748747
-88.00910407735957
-78.58414873933124
-81.91896476724035
-69.23221728096925
-78.84091527460444
-91.2953113424939
-86.93683061927287
-77.94342450543824
-61.444970050697385
-82.66166319492591
-81.25729463889279
-91.48530312814789
-61.744184383919624
-98.84032339861157
-82.97983146139497
-79.52599347079979
-99.32316532682735
-88.69312204367958
-76.85244246106974
-83.41374752811743
-100.01516653590335
-87.09715150239383
-100.08881225386081
-94.55388564774478
-106.00343374911822
-84.91819889418291
-89.41949861009547
-101.53735357540049
-101.57025145442424
-113.03792532751173
-91.16241979229149
-96.21401624185182
-98.04659381515359
-99.25478680748807
-89.94785606255984
-100.09322742075314
-106.93813435350275
-88.83617135620824
-96.77657025386931
-103.73086579268397
-79.30775891548089
-86.36840953423597
-78.74748619287335
-91.36596865577138
-80.77052249214468
-75.60382266315547
-75.45146983541552
-84.09634305410826
-82.96826848919565
-85.13010059940832
-89.2259461120125
-96.65146131427589
-79.8964456469902
-87.9867136151972
-80.99417588392305
-100.64580905563771
-87.13010172531247
-87.47856730439906
-80.99688901280541
-75.86211139603996
-88.74623351828964
-98.03943697120513
-85.5963824315457
-80.59365112940723
-86.02413980489327
-75.96315890789118
-99.71023733899193
-78.07235736571954
-93.00557036755355
-88.90655000682237
-101.2058252057858
-62.59907715657565
-76.08360691982675
-79.46407348659841
-72.4395344057053
-92.62406995263368
-104.75728674694034
-96.95010979664004
-91.93446402933101
-76.03176808519616
-92.8356860025195
-77.35383331057588
-60.429764669027946
-80.6222391284795
-88.71588673680385
-93.2202232629601
-78.94884305700755
-81.08372280926145
-84.0432603090622
-81.66877454933963
-89.90973948101652
-75.35692503390082
-76.26317347351831
-82.35660865483428
-78.25434454188779
-74.45222808349058
-94.02844125244765
-82.49927237617207
-94.28118013727494
-86.46534299933381
-92.02881000021613
-93.29204206625825
-91.47662994386386
-74.49987224291021
-79.42903279888941
-82.88332081995569
-91.34251981938142
-82.80575374916168
-82.1255186109308
-98.10242052983754
-86.6706186949791
-98.42614258288904
-101.49371213603003
-100.79357372089315
-74.03504578588272
-85.37956491901605
-96.56155373220244
-74.0961962477804
-99.06635371680176
-87.73391172521104
-82.60637413944126
-100.82760377319863
-100.43493399387665
-93.65736946770069
-98.17666803798367
-79.80800033885939
-90.91149182807246
-87.50863513712498
-84.89975343838461
-81.49657967207835
-71.64777820481319
-99.05769458187778
-90.86885405532037
-78.52208423672745
-84.13574954353685
-75.38278233180515
-81.2894165142963
-76.4678955727072
-77.43040811416033
-75.93188493154209
-89.87886488932031
-88.67395113163818
-78.31990847738126
-80.20951252717528
-94.49052461083977
-75.50344729920704
-85.8013628479419
-93.70361255840734
-73.91370139907917
-72.49521230111098
-89.43726462783086
-75.66329664631382
-71.06346635297967
-79.84332262869079
-89.93567295331046
-88.97394694921753
-87.38589577223107
-72.18261930112463
-84.41118245793368
-104.48597725926483
-91.00499794420922
-85.59785391744796
-91.99338757469383
-94.54769348898881
-96.37135744272784
-77.28124792776947
-77.85074446354315
-72.90665569988256
-106.30714218189276
-76.8150678773189
-91.90031570221085
-85.73226514569326
-91.94653427505403
-92.40093784560423
-83.73209937326557
-76.42862599347337
-98.71024911648858
-95.6771711245894
-100.05718633648713
-94.56019203515793
-92.70954020312908
-93.24511635842919
-89.119845121892
-79.53484948161798
-84.71768200695294
-99.08720948421957
-100.75061521251334
-95.48585735949194
-90.06848428850705
-81.37655118600489
-89.22676277998968
-86.81770631895964
-81.61917416374503
-76.86452330681746
-92.47549901093777
-96.93050363551147
-103.79403023237874
-96.21009069803604
-81.836143869386
-91.17328764383286
-90.84969155748055
-87.11672334622072
-98.79443788488658
-106.19523316952989
-85.57677469388054
-84.00091085766826
-67.5494798745194
-84.87605137884667
-83.95243478246904
-84.76043421337997
-86.91806014156283
-86.94961227187834
-80.15039432456086
-74.32921968248614
-81.20633870843695
-81.90132023618874
-84.66265344024698
-101.06171438793832
-80.35679264704498
-98.34220515314013
-67.10622463799879
-104.02275688755181
-85.01477341659701
-84.88809940994388
-69.03490967073009
-87.10108580292888
-72.41939852803341
-73.97244562664508
-94.52252244415143
-80.78051118929294
-73.63302849362772
-78.56740169490084
-76.83624189225915
-79.79519132133969
-87.15820669025734
-98.78197280875617
-88.69017320320819
-78.39179233606846
-97.03683609847467
-76.57533684396286
-73.05132678047683
-86.23783676824482
-66.64043579414323
-90.79423464525644
-74.84187141426598
-87.30040794692108
-82.67923695844593
-83.92861263219257
-87.83657093089387
-93.75645076513875
-83.8350272601627
-70.40033117758475
-78.53852776557281
-80.3699735207779
-71.32003177960476
-85.42712011818098
-85.71686885473079
-85.02454928949464
-78.62450219333337
-86.45038062355545
-93.41752999629205
-75.14912708798732
-79.93646748657768
-65.37082918927584
-73.78016233657519
-73.49381232543452
-74.10087272266965
-82.23251017498546
-77.1294814008612
-67.7105749180117
-91.29251606520127
-89.05822669586286
-67.19799414745945
-92.81854318143415
-101.15385146480469
-110.97743308638427
-102.90993087553545
-76.74179816990983
-81.60578717937612
-79.93623998520967
-69.4677451540744
-99.2622664456805
-89.01694672795975
-96.7524915933942
-71.8738685365764
-91.0020680405939
-91.07228932575289
-69.28890629149501
-87.95424410541209
-91.63087343364086
-93.5407483818453
-82.32715861001972
-77.6148203051529
-92.07390053908813
-81.1681697208314
-116.74776280028522
-100.74777741355435
-70.84142565241206
-102.38989404525019
-97.87784755029988
-91.61223403326953
-97.23567861370664
-103.05133701047038
-107.50546441053393
-84.8881872668635
-83.21543647227371
-89.35614168284741
-97.47863200612994
-82.32256142650112
-87.92552376561655
-82.27439746673372
-93.08903409797922
-88.80595257516464
-94.31647451567365
-97.05927345614711
-75.97851463154505
-84.94847592320552
-83.83732551842074
-90.343443573717
-106.37573736257069
-79.08572525076676
-94.19721021591441
-83.38319009397374
-91.90649476113067
-100.014946550925
-87.93396366077025
-80.13975036647412
-91.20371766394005
-90.88513980181067
-87.7213119570354
-73.81592388982752
-109.21530692661219
-101.69125489396177
-95.75504859399449
-75.27316331232826
-93.01318509507952
-92.47483969891613
-92.09133523902318
-88.36148015369216
-94.90679873793233
-83.00959775859438
-85.00032707876744
-92.97725314930751
-76.33957333326397
-91.15820741452659
-93.96598894724953
-90.0534233716808
-97.9436596065826
-81.4482441869264
-86.4851259580374
-96.51017960326286
-84.9820157319852
-73.48818446394301
-84.81355675176098
-81.76277171829686
-80.15953357989645
-94.06703974150135
-74.11558968601891
-94.87379864600086
-92.05961242002368
-79.49332282980164
-92.7376311539678
-70.70932309588063
-74.18925771373245
-84.37965065721316
-88.0849532432028
-77.87224874738017
-68.77631724150497
-97.42027626729706
-79.35026535897578
-75.50986272402737
-85.17109614836465
-88.10020440133476
-89.081562684536
-69.58713930658698
-84.21993502763263
-64.87040843321695
-78.22437358485874
-76.90160526916877
-79.22643436340896
-77.64542029572311
-85.63874941764962
-79.67675411042977
-81.60356651189097
-76.98941660284783
-65.58207483115532
-71.11701116516339
-68.50506036698921
-75.17207348667739
-87.74561425734677
-98.29311888925339
-79.86260843013436
-79.83805662208522
-83.48175728942033
-87.51298696656427
-90.09333468880897
-102.67621483010085
-74.75732309052955
-78.2299174533243
-95.04030390829614
-72.10541815404487
-86.29122712728461
-78.4484623339053
-83.48096336299392
-96.03456372964261
-90.80863208597995
-87.79242640905717
-81.43236390098497
-82.69294662480051
-77.83016483963844
-79.87153311707903
-90.1136650522112
-93.40926740355083
-90.36147028092026
-90.20318047833119
-80.86212828528889
-81.47471757647148
-78.62506790024018
-85.47839426866766
-83.5780047270705
-88.0848864709529
-87.20093020363083
-91.82549123645386
-81.41738902104092
-88.76308933738336
-82.71974225146631
-84.86286368218492
-68.92513156787831
-90.24687411359292
-75.41388204779741
-73.18500322085507
-61.961404779969705
-85.53181729380073
-82.81818198313701
-81.68282840340565
-75.46365561802862
-80.33572701235651
-76.5864642549024
-81.2052927675066
-64.34297037328642
-82.86152183530655
-83.90329977167396
-74.3036122060444
-75.5884433958438
-78.24783960441405
-88.13496424064864
-77.68657867388318
-73.35585668493857
-70.95920012402846
-66.33885205080949
-87.80942933105834
-83.92621070340778
-77.56780818187342
-81.90306015738673
-76.10699809577287
-85.78926226967239
-89.86916970951441
-78.02272148370551
-83.03504952151032
-80.81181814491606
-90.47324890278604
-108.13109659351908
-80.5096773072229
-82.5993348469585
-93.4072548007571
-75.90133708641133
-78.06347309475748
-78.31737631505958
-82.22244180406418
-83.4101859261165
-94.03026538284716
-83.61167517937348
-90.37051442696685
-94.29697389951738
-106.47622227798175
-82.82594589717098
-85.01695127639789
-88.40583073344801
-66.5424850917074
-80.41308455270836
-91.14548692812448
-82.67920157037226
-86.09579283910715
-95.53855766002671
-91.70468929652003
-73.88560383342082
-87.94523320472324
-73.9788550884654
-80.31566667608533
-79.73156676119785
-86.76355404034996
-91.28456959463969
-82.16581385812367
-89.48641207018834
-83.89116174713561
-76.53871294339189
-80.81596668670514
-73.58744241635345
-79.79540843103784
-96.28200863682667
-86.32619303635458
-73.47200525648367
-94.94258297912447
-87.78091200536146
-86.97971753420016
-79.47279321077349
-93.35148403027223
-98.14206705566025
-82.43303591202744
-88.41886015232959
-104.44016101260694
-80.84168890200563
-69.53896368434093
-79.78542777013966
-99.66487484266233
-99.8935778812267
-72.90558501491252
-71.81670953334533
-70.0917879593309
-86.9590385619553
-97.83414515501286
-92.78011103785035
-78.82639269278772
-95.24900570084993
-102.55572784875515
-87.37754109988623
-86.78080811968839
-90.36312415164127
-86.19515205628424
-88.71205899906906
-97.066453685418
-81.38367740433979
-79.00299419819824
-93.91641668693772
-88.22507012024664
-78.90658431537527
-94.6415278627773
-93.18995070381231
-83.81182485270497
-87.68829781278149
-83.76094397217635
-76.31595640260083
-76.01419330126649
-78.02519077189905
-91.63913311988844
-90.46960935770534
-83.30042802410664
-90.65594287375994
-71.75780084994778
-101.26294745077658
-90.64748342150928
-81.53767535659638
-97.16359724588219
-84.85361324991086
-77.47536104797997
-73.33430453489841
-90.29033459673093
-93.00481562251547
-85.09566171255524
-87.29250541142979
-79.34493231620195
-80.01751576646369
-75.39882746529854
-89.27553413130252
-81.17040389463946
-85.78032041430345
-86.60616649057896
-81.9165606285743
-94.36562104274994
-64.52148777667668
-97.65332625568257
-94.8922658314533
-81.72512824587125
-77.00203508727141
-81.71935404925296
-94.03851219146807
-68.26093942931193
-89.46387811208447
-92.40717262183209
-82.66330988620467
-82.3817027073757
-73.14353407626278
-77.56786077222027
-72.44877794832654
-81.63126355559066
-78.13318365751591
-79.14913637845248
-87.59858735541434
-85.75510855573776
-76.71469229404796
-75.42369297474563
-72.34276618435578
-89.64171573773922
-94.51699735091425
-77.6181346830437
-79.89533394053583
-78.48810657957166
-85.87586106663468
-84.61142122472324
-82.39317959808503
-87.2839010488165
-78.97853261576553
-71.07942015910433
-81.59324911667274
-73.88666557612196
-77.4007816218602
-75.40813967003727
-77.01580859128039
-89.9428368435263
-71.03379068641964
-80.82392404041718
-75.62764029944555
-99.8126103945298
-80.11526168164794
-88.60527064053
-82.22281534825619
-91.44662614587236
-88.77747327136127
-84.80187622043923
-93.09766822311178
-83.21582966388576
-101.95934967759347
-90.27972384861329
-95.47753073375286
-84.52709469374804
-107.56650639639334
-103.47025949473135
-73.6947671735476
-82.17347598095144
-95.22224903350772
-105.77326502746884
-100.473204098203
-86.46279252939082
-96.76748854624327
-97.28562432769314
-91.51907591270552
-97.85957089052286
-72.99174288048184
-89.85040126082741
-89.07038916209468
-94.24273859804237
-87.95933185701686
-78.66738684172559
-89.97703558333481
-84.82495274815102
-89.77327022029381
-95.4099064023606
-73.05727222172861
-77.45137646180551
-95.29395046906954
-92.1074143243993
-85.51363648021476
-84.39371970560192
-87.81651186850476
-81.14404790518006
-100.29861796852977
-90.17704657842718
-86.13501128550773
-81.94208939449221
-83.7463169906677
-86.87830410796502
-80.01521259063945
-83.87331064880749
-90.32009704747372
-86.1684003035751
-87.84958711512061
-75.04869144298621
-99.34865098350916
-95.16740297858878
-91.61519210233112
-84.77649076822995
-71.23662647352052
-92.85106751449096
-90.51903496967282
-77.86360177826961
-83.1406997742483
-97.30672688004894
-93.29234953446345
-69.42537045042654
-83.97705975193605
-85.31512416047647
-75.39678547030398
-82.31739584029863
-77.93616302253373
-89.07487298542138
-80.50083159034143
-81.89101449677493
-71.47947068303141
-92.5953890401399
-77.46602447884982
-91.44320886871189
-78.080635843387
-88.99067463482122
-76.57509189492355
-79.02059984707847
-69.98592750795241
-69.89039215677137
-68.37041245495851
-85.26935496858607
-70.94666447532765
-74.33483825257694
-83.95949521496475
-89.6789529430976
-87.52938502802006
-96.21290091244863
-85.15285383674545
-97.124656671546
-88.62086240348222
-90.93807528431344
-77.76722031282573
-76.55417775082739
-79.55463453725159
-78.72572476258028
-91.38210566679619
-85.64243810023743
-79.15444556391779
-94.94215894722436
-69.13473776336829
-74.07585590028519
-88.40870965645514
-79.39112605799917
-101.64128252952611
-99.98363838598647
-73.85376145864527
-87.90335291549746
-102.01872528830286
-77.88154994491383
-88.16636429601206
-77.17611985267607
-87.84165202145499
-85.94803756561176
-97.34685709585762
-88.46632728978587
-93.94574725920495
-88.63700832648175
-103.64253624995054
-74.72655297731511
-90.86657464125283
-92.78239260877449
-74.37040776681448
-108.65218290185817
-86.54208013783996
-105.1629489705602
-95.86556836914437
-95.64360027148223
-87.8416471225454
-92.73657091860619
-78.8204870364677
-71.56248326048535
-90.95127907529869
-82.84020381152179
-95.94141289884625
-66.36235010201317
-93.05061434369333
-87.61471761566976
-88.26697994227594
-95.14490669887118
-72.24112888604098
-87.52772851646749
-80.83740981981954
-75.2411277205757
-70.32010312680629
-58.7068826143308
-70.32726350510887
-70.71049677086465
-89.46080240715952
-75.80748381871834
-92.55499196156512
-95.20349578769545
-79.98109362563241
-78.047214197017
-80.61799959201677
-80.52567508488838
-92.21272876211049
-90.56003655907388
-70.02564056701749
-92.34946531073506
-89.71625345376624
-83.52949355932026
-74.89343678125087
-66.4520250234095
-70.42437497980042
-78.16594681097686
-80.58275338556015
-79.01637443619094
-76.7462799025582
-79.9196909296432
-80.96242304600045
-71.4334926513849
-89.55538256961405
-81.15749623547974
-87.7230090324445
-93.97001678117873
-79.75756247549103
-78.7654121542641
-106.22798960556992
-91.41995365592956
-81.62532209927215
-84.81173986628386
-85.69808896425683
-87.6807253026409
-83.9766023814033
-80.01512096998219
-74.86454365915779
-85.44487797341463
-74.51942655675889
-89.97751231216833
-102.11913634208288
-91.8640766615406
-88.33742200721677
-100.74493811268654
-101.33258636380911
-85.71296173801261
-96.70861190709246
-82.97148443684611
-91.93681502662028
-85.10997739828625
-99.33985723398007
-85.25893673236975
-87.76454851885705
-91.33091161200741
-81.71640013588858
-87.05682828373384
-92.90154000364942
-98.12260537364409
-93.4505886244213
-79.18594033530361
-87.93343256313386
-86.90630879283516
-80.46077538668358
-76.84880025880666
-90.14582048158512
-85.27504086367011
-92.89456919100508
-72.65677016190641
-85.80271157568575
-96.8894423380958
-86.20205319988756
-81.56453469279354
-88.64907369083964
-86.13767069218453
-83.55513633805182
-84.65106720596901
-83.34946085306059
-105.57042257218501
-85.75488049703098
-73.38660932594591
-86.9146329044562
-89.88284362572963
-67.02197756003834
-78.68645247061221
-95.79288954359444
-83.61621562877366
-92.06603986225694
-81.83788440101951
-77.33832764617367
-72.41074249886704
-88.48684543571146
-74.20555846539628
-84.52675883788147
-99.82394197237
-88.69215129101657
-77.09155642928171
-89.21687903949463
-94.85852281265947
-77.89919451573566
-63.97933482504832
-84.72068362673352
-69.07635999708681
-92.13909404456898
-82.69388767262221
-104.38951928466656
-74.64507933347271
-76.7750536337899
-93.50604375963482
-83.10956927169373
-78.0735885831155
-84.17964274762863
-88.02928532412386
-93.45187489233375
-91.50812379605208
-65.67906722819278
-81.41086765581962
-82.18545077217051
-88.48831362467931
-94.94726158215843
-97.94198068415311
-101.43053055023378
-96.39710230588487
-81.0218781636565
-90.71104380887601
-100.43998732732182
-101.26975106496462
-87.93267303758125
-104.83641841718854
-88.28576125770307
-79.77124393887209
-106.15861115643258
-95.10957379086821
-95.47392357415276
-96.94128789905986
-93.52446752325538
-92.50910360827497
-72.82176568444513
-110.57044386239969
-83.44109773107147
-78.68263214814024
-90.30997095168927
-101.2353926223438
