98.7649837508719
86.02213689145965
104.07978300573967
74.39602616760907
64.59193638251239
72.0437458129401
60.66810928192567
66.65492189453634
71.25607823625464
68.15652142570782
76.62542277613686
86.18551840730403
93.10470997111493
68.57808546854723
79.91920300079444
73.26958356749452
85.55969418217175
67.28290383213361
78.21788734644055
66.01161850897437
84.14742220959248
89.29200178614515
104.66682393184118
87.58714478457436
65.72727037570317
90.92005921741651
97.55963558729587
71.62083476581881
83.20020977820609
64.07486465029844
89.08035921919186
107.40641858238124
84.92861098440791
79.94768232704337
81.9351365730331
88.45672269232125
86.14882328566382
78.11984228452076
74.6182234745701
82.11059708179843
64.74161602962718
78.19433205336605
84.74519515553983
73.94586978340223
93.63099482022679
90.1428231996282
77.8932643862449
88.44549268684794
77.72466253549108
79.17468863461265
55.07874430223781
53.21462250257117
77.5660016597023
73.37572234558222
67.15462199247735
106.65734542692765
103.87972542843991
64.11804450466063
83.77048496591001
71.51467451352815
91.9848667774696
62.73748980713072
98.4110596849082
68.76828141517724
74.2036930450896
80.70489252493157
102.54727694572489
68.66575460241827
74.71879109697021
58.46277500595599
68.58847376646482
59.97967342069182
64.0457380752297
83.51231693698931
98.26195902742808
58.973141413201176
69.83871766649096
83.00603568684593
92.52096265929711
106.90171797342894
84.67339707057417
84.8630132115232
73.49397677215057
78.28148443377643
104.28365935996547
110.70828573913757
98.43480677822713
77.64368363269149
85.25449211633847
82.84874842016436
78.49275762218744
80.96840509703759
75.73686480633901
69.64904786145013
70.08727448480573
63.060197298059514
75.51663005148683
67.47249847381758
60.47191972042843
56.69107072790349
69.19188630066411
88.61702066152043
111.32592480540158
93.48340749390486
66.60571937788059
59.37180445993181
68.80783106651249
57.74450375024209
81.04523304334231
80.4047854729179
83.7052423250187
79.47145465520539
69.64389977700027
64.69316148759637
67.68375452514331
78.96225879214997
67.22335021981155
61.37386381536711
76.30382829152578
83.84274358117639
72.99460211015973
64.78334591586628
61.52394743244838
62.383413111674656
69.22177824013535
66.13022508113399
73.73110945285603
72.75789740768272
64.20049616869794
71.3363962669799
76.90169325458436
76.5455615660752
81.63065396050008
98.32347818016652
79.397218614769
80.0075559195274
96.23215715843074
74.34465303001586
71.40879070678417
66.3027112880865
64.81694579008665
78.88235471139443
90.29967570267934
81.93812973412051
82.97670799897462
76.13723840656942
71.70685747841631
64.10076293849285
70.16612493792371
73.51418746697705
69.96770725956921
87.10411206111544
75.56192153022953
85.6801757425069
87.79732691773019
91.23535668976888
79.86790045961153
71.61997397864221
75.52869417986035
91.17331399551098
82.29375059740232
89.71880345622871
94.82310960782695
74.68811330873122
64.98132830901551
91.01302904192198
63.84729668917073
71.62666455321227
76.87217517966624
87.72724548155452
68.36265842251122
83.21540660701805
66.92572262984329
96.9837547110959
89.61070878406838
81.04645016538022
90.9129193129002
57.48302188151952
96.62645104322516
66.35117038164984
72.1544752342522
76.51016782667986
77.1061166126114
81.87107984732764
67.70010342562828
74.87369310391446
60.54371297287404
68.89813283795317
74.25822227331217
66.56654743206472
86.76301383128805
84.16074259068719
79.53893804478611
104.71617243305344
80.66117350275856
57.9631243638012
77.14471164830829
61.35667779524479
66.86167855699651
52.109513014346085
66.055236733885
63.543627406485875
69.33714220734973
69.79390776346666
52.49737205982576
62.01997883285068
61.74581501129245
60.90617662483564
111.47991159107622
71.14194889625189
72.84938837039248
72.25942411744727
76.2324453783839
70.54757330908443
65.8544129636213
83.30940718330316
71.13846765915092
79.2022763502964
95.28644993192505
119.09014294378568
72.71156062744244
83.30213791960246
70.64871222013363
88.38658130146247
64.17115696061705
57.70796628643374
68.72264918930944
79.43499908420998
67.1565194043831
75.69762202310795
77.47661056443438
92.11136214794709
68.78453617881833
62.47365130840787
72.2149274920699
77.92331241502194
65.35731889021233
84.82862840435006
81.8006324495354
78.54996178934505
83.66717795368491
54.80181024701827
75.2698805997348
62.35675050201005
77.27619923845756
87.92128408038064
70.80877604319907
85.33936500629915
87.82890768469481
77.64935552026212
73.20165076458017
63.884339142979634
70.87386673602565
106.88683723310461
91.11419316952703
82.000884626153
78.22335489792654
68.75814702917249
62.20208942839507
80.25687384827056
80.72522567180494
68.14117887187416
74.0591426435736
90.88224470415919
73.03041877630302
64.90651395514877
83.94213451396233
84.52248783799223
75.27477708782958
70.50942190305484
82.15832456673016
58.46257095598235
64.70106089810321
85.85655708304851
59.62751832988381
99.46513364870367
76.35360381821461
45.510961792778645
60.64853305138353
63.041909765396284
68.1022021134399
69.10817080658325
57.018849804646884
56.0607432539932
55.49950739854285
51.654091793245634
81.42700784671784
68.04970949149167
75.78773463695198
54.24184623627501
51.922603598529506
53.33679347058091
71.00487752176173
56.733658554594044
57.241135247211936
56.5508938804864
70.00248225466612
77.00513787601504
63.77262693821577
81.52147977047854
66.36257410054469
78.11049734187597
79.04526570441975
69.07494454121938
74.46130682766658
61.67987850692474
59.26477970786838
63.36191290589056
81.18663516756489
60.385274794580646
59.08689862215201
71.18667001094546
50.89307550915929
62.58052225853124
69.81166322851107
86.7438612282987
68.01210565778126
82.29811840335648
76.59369956638652
56.603983905326515
69.96695716017305
69.0676809599531
75.97621660993113
75.70352156767964
72.22593234961464
59.305937095895
77.06496774119698
73.51508446523539
63.525006837955885
53.465475396837654
69.50916288254292
67.12988695508072
67.05641736403975
72.73402765295938
63.13493399774487
67.61521523243708
61.778445097225955
72.4266173666654
76.1219326285042
70.79318213094503
75.70381125977221
67.1181735699321
58.09332047345914
78.85864364029547
63.588869788165184
79.31595074042062
62.42317526508443
66.08620358029914
70.96105041255741
73.98676157051199
75.73721438681086
64.34904677784262
85.47839806813185
62.08853542840774
70.80469890503757
66.09388649526008
66.08499645422253
71.11944927026326
60.11621785262661
65.01917369016874
73.77645458502123
61.2099896946154
56.59915749669123
69.33412273541262
72.46458189309095
65.05333824360184
59.56914788293292
71.39021470367058
67.59945008567057
62.622691766545486
73.7923704779205
72.31068014252399
66.69516444151539
72.58274073234848
96.34994847913141
65.87653666345692
67.20403501224855
72.82041809899262
84.11637614027487
76.06037863333732
75.40550634364236
82.76967925359449
81.30571144593763
76.36369573289623
61.97668465812528
72.53529865631847
73.34922054140843
109.26583283781667
74.1831205618337
80.55672032953817
70.96541609227722
62.97869019199713
72.2383771698424
80.31764784586105
111.983773202483
62.815904533202676
101.8719491109541
71.55066485609134
67.65401685447786
68.56424929000104
84.57045045342808
59.31621700611515
63.11301633742532
50.68889243907518
64.33040269468012
67.26495325341439
79.7861557401226
56.64948956066944
75.51911697490257
56.71839757060177
79.24849432288127
68.22693580786448
54.85581476200571
74.09147233633176
66.93460849806648
60.78335558724984
91.20822423294209
63.027749691680334
71.5718411382114
60.6725727596021
72.41226080801866
101.72996854557329
92.94864838840412
82.53156533457161
82.3808115596273
96.84980183819448
80.11202081038037
72.41497593151084
73.33883399746864
63.96824889230058
96.16904384179152
89.2166742846892
70.40175132571916
69.04886513070977
70.73557354930928
64.08245783247033
68.15403153891569
65.38127200972664
75.61540335380714
86.86178152387525
59.40781979611399
64.55988362475709
68.82885317838075
58.496015423940555
76.01253982673774
73.49597462233828
69.89957665039321
84.08611964759713
77.54459925559549
81.50049205500457
62.21938707834789
48.60132196481566
67.98335227709516
74.09529114125046
53.84398486889332
75.73169852464639
51.24587105486219
59.919617051993534
49.400475946479446
59.19938293782904
63.414560444279715
59.42529606937225
71.9951030519272
71.72842011712318
72.17614784580347
57.018701630370565
80.06872398624606
53.375043106429615
66.54437725012345
79.6304437637512
53.06538551618238
61.51639090332092
73.29645689969792
70.8635439074956
75.97679501795442
77.34069276544712
80.69751615998541
74.28207217523716
88.85273625570143
94.99696135954837
114.97974427847831
72.42637344148184
80.28724075481158
84.49508196371654
71.0699070478431
67.88642396614142
66.70266659204296
65.22176132380989
72.91279290370493
62.54624156800004
50.44423410542539
60.91541783462445
61.89417378076367
72.66902767209194
71.48949677222315
66.70331020568936
57.40439712148159
59.041454939951656
59.565915267512665
76.37095668109323
72.36408216175211
68.93614401538305
69.20706211873129
75.59872165504693
78.95071864402041
79.88431345759236
58.92592674261041
82.35802332691641
86.59410215058216
73.69107492200213
50.71738030419104
78.92327851042727
77.6318639171975
83.17899844171883
70.71636228586023
104.02688121291703
76.22424389028818
89.86723154229182
82.83776632506469
90.85446359388612
82.84823277973545
80.53558862374783
78.38878964810047
80.14393455452328
65.13517666420233
59.68894922162824
82.0104742705465
70.27435541771916
98.16346741157774
70.52180529622261
75.86801602990953
57.48883119538792
81.66318188179633
75.59031202298286
77.34733682904306
85.14423432065917
64.13488928512348
46.377249090227224
79.06323443569747
76.58056496228875
78.82861199567564
77.34887214001895
75.94182728376671
72.55929952389673
69.28201881997929
78.56426824478473
73.96910022165675
68.93899789507992
80.76081243536902
75.87875477629527
62.724500204595905
68.67727161345046
53.89207514732614
80.69859923482879
67.01690223358501
76.9980175311422
61.84814327466192
53.29987873415973
54.242964584007574
80.81685607605885
79.47616676954102
72.66581322778487
78.64369463424552
62.090628196425605
66.54584391963117
80.0367861664004
62.88645320291102
62.268604917319
69.50402224030528
79.39764551203429
97.28853046130628
70.12948356177493
74.32860371650152
77.46967242554061
99.74125985474919
80.504277350486
67.19637557859625
88.93753436570411
72.16536721232684
78.99206260104157
92.22682370316552
63.27117547674887
74.72175328228252
63.76241360239487
62.180272919099686
66.69300445236662
63.29727050036297
106.40560925196071
58.774393049423416
68.72286050695033
80.43698274472236
67.66743271095206
63.781801536028524
70.20249492109336
69.449074361842
66.35445224464809
59.64140061390516
73.69310930010253
72.3003300520881
77.94475078741104
63.6130773117598
65.34424301521138
68.05836875908625
67.61502249694641
67.89666873268528
80.36953546088323
77.24429539955837
78.49829627118238
101.24810357798405
81.15519613645503
73.25115787832164
78.47945729573124
65.85742767679997
69.14572231954065
92.7623979348021
79.8987273923112
72.40999914891232
88.6699463434183
55.412431000814145
75.90602766650902
82.01728658155149
82.08805121617381
73.63015349249669
66.47761778445314
74.49284432190937
104.36172150602411
67.17071189661753
79.72942442563713
89.13997241208803
66.98781127825029
85.12271565956279
69.89079117991766
102.73438470269473
69.75784840312905
71.92030874249431
94.77898474233369
67.70181560004794
104.31832662250062
79.13390912192986
117.41084965079926
73.91947185690113
66.92160964413569
86.51889201392811
64.68220818815611
85.57745664793524
104.06644931028302
82.78378630653052
76.87739820929288
79.96681980141192
80.76216697397575
64.65272031777361
53.49196921249297
53.196556149836105
79.11814075340632
64.77165444077275
64.42383545852236
70.61432523606585
64.974947700808
60.499736230466254
56.35674711657366
60.451497299745824
72.85342982174001
64.28074115762475
65.58247457175321
84.59055147863475
50.67363060508294
60.07124706431762
62.507924960935796
78.18569823673255
66.4423443010687
79.33077941740116
71.40102434596675
68.18593881931116
81.01744233309113
64.67660016969421
85.48455294763343
67.22585595044357
76.78070988425205
71.90127046633134
65.00356488121378
57.51246923153638
70.9085283808281
85.78545629225934
80.01464541522009
70.93307435825996
65.56182624718463
66.71087154854769
75.68611592810164
73.21134179327098
79.48129213913417
64.80670598355003
79.71477156013229
67.58553476515272
80.71164761123006
67.6990008532345
78.69431569456185
83.42073394587531
72.89555650420033
81.73266342437938
75.99773437522276
72.46435489945777
70.61094714416171
52.951496774233924
62.90398978838684
76.78268838606941
71.31021458567353
71.49997251094354
60.30759864347482
51.180719298985615
55.33033090486517
70.42586136913971
69.34932541614677
61.903770778690024
56.73285238033247
68.70129747794272
66.05015725967084
59.08386817077741
106.98086807818012
80.9276999801425
59.866019149335756
92.75303218518057
74.73327395680238
59.8248171378191
77.02193058773017
75.7530332396518
82.92958122357794
72.39168878723893
69.76790368788015
77.58161329545723
71.65435870439072
69.81051603237405
87.06759733161472
95.32018802253911
78.94681226451848
76.6494221821069
97.9456922779215
100.7336807249575
79.76603045118759
103.81644802391891
61.59206420319151
94.46264665557605
91.81156647509765
89.7108184178468
60.745027516401045
76.32636273839958
64.25213177232844
76.61085430514312
77.92176990333448
76.3660772810277
71.5005987637004
61.76459342324555
62.92977032590977
71.67729813501117
76.12072818000243
62.46410102476179
81.54535573338187
68.04577072192545
86.09715634860751
60.580368885494075
59.828115616977236
53.49391272979324
75.72012348475762
66.74190619962742
65.44080903220086
64.73254115472803
76.81716698538129
61.468792861015906
56.84525297264803
66.46835829133008
60.88264691960495
63.46261638259524
63.87520606405282
63.656300679190494
73.26399125633026
69.98210512476246
72.58919291394388
61.751921412280524
77.09714781151553
63.30013700044897
68.75467148121724
67.46921738169046
94.33192295757958
64.70909356836864
76.09244635010651
71.90083350159875
60.48502082316148
66.45940153473394
66.35830251394236
58.4085855771505
67.65430359809945
70.07550439179185
39.286942014172986
59.58694968712673
68.17751006292409
64.02473957953828
63.40749832307881
80.41917411882235
59.36378738258077
55.99318068541225
65.03029386584555
66.00099849045064
69.89073999031069
57.015189689634944
62.047601693582806
51.151395060476055
71.28699760350213
91.0588638008313
66.60886016439446
79.86470986653693
60.91183987368825
79.42655084830288
81.0362993997065
83.45155899420963
90.90918470771318
61.817387823212236
72.01071214539388
98.59785094610962
94.09696149320517
102.49721890398442
66.63084458083378
89.00148982903042
92.8576695890004
101.16965244022558
73.08190274193085
78.3645630258911
72.11775580368328
67.33852540561988
63.563177372682254
68.78765629656323
82.98383410815447
80.52356339429132
92.45618814730403
82.13573672392741
68.20694588445845
82.5055442524063
85.53514832661568
61.649273378883365
75.8333726790738
61.361711028551404
87.0543457805843
89.51543386231215
73.97247374831508
58.61532743485928
71.88633028226505
74.5531703520287
68.76958185304882
70.63963921750207
53.777118233536804
58.2379155794791
78.84725849961185
57.62874077224632
78.30003574155299
55.7860361022334
74.32848896137541
77.62790595854082
74.91022115351839
69.59057234778264
60.56657010142804
77.43993811488444
55.412218840483995
55.051491015864656
61.67947994281336
70.14562300050338
71.83205803564579
54.90397116586375
71.86693014844556
85.63305027892545
65.49259926118718
57.39554567039834
66.0166389880701
72.64184231499263
74.92465997783631
66.5877545691198
64.03072655039426
75.60748372513451
77.80243592985671
64.41641917415586
86.78800186705938
67.77753343484234
69.19656762372021
71.65349356663371
69.60041523145605
68.11888356950247
79.0704760787525
73.05984449912998
80.03162044119422
65.92734856323187
63.585147662346095
68.911593196451
64.1036536474796
67.43085200181505
77.15229759783655
75.32477994902092
73.86168790296823
61.32297357102287
82.67534357269508
65.32479109693486
76.80965400394693
65.0091648874966
70.62277015104108
64.63061270930788
71.01364511363741
58.84200675937889
77.77773902186277
70.82436379710637
68.26864763766238
62.226655516545364
69.34087503332331
75.55965493957291
80.87852753382325
75.07070481129506
77.56772014025802
77.32313293946682
89.18933067962476
50.65949552358574
82.61637579968891
74.95627831420595
67.09580246363838
68.41180117838155
60.64722375094657
83.48850704282356
80.6653364866284
61.830952133234
59.257112950240696
75.16230939914993
91.58014877610405
71.69343144121811
58.455398466567004
69.30841889408724
65.77721442248479
60.959541349109145
64.20865485667842
56.036714805990144
57.1231708550789
69.77880726000562
72.64702764285637
90.74570173149458
67.83634169697586
97.16069346763896
82.02975638794389
73.6409308810953
67.34099004630566
88.03387001849565
84.45117639632433
68.96491785809818
56.83298385236607
91.04759924547216
62.96383432199809
78.63481121651287
88.95602386202634
77.45627639493462
59.42059256686144
58.54380995156147
65.29069349697326
51.21843568814938
63.734463076998765
61.82018537236568
71.0133788846525
73.2567160049593
81.75713663688003
84.52664284409148
79.86578021969378
64.64804351812178
61.43521391330186
59.503722685766085
72.63589319418915
64.48017784682901
68.19431274827268
84.7601549823535
85.84307190134825
91.62788423890133
68.33610997307908
89.97795589916274
56.735888397177824
101.84439553578524
69.2072395498902
58.79047842393482
56.3141811073164
67.16877371631705
67.4497403896944
63.26275302216919
69.23980038699969
55.837394156322695
66.44418117161948
57.74698626428384
79.28805106405078
54.655634267075115
57.03275225808171
65.877376156851
62.0674560589771
63.613519932168565
81.41827387626334
81.8602061548698
73.04959957219327
58.38900257766497
60.16466334021374
71.57447557629096
52.662329313797734
78.97392728519637
67.5584593867464
64.48833783797566
61.10121233916826
68.21956723693576
65.56438292620442
69.40504640946003
73.7474758254173
57.713847113971454
63.45240879024097
64.63558396023038
71.97499207155902
67.81110827984442
52.057383254216454
67.58475640750741
62.897663474403664
78.18196836254668
81.39409079062732
72.46414961417956
93.04059466314916
67.63111769230672
84.09134488579814
68.35004820303526
79.08358805380647
68.61184877542053
78.95353897599824
83.04718257665714
108.96675890883049
85.07428901204086
71.98017195240232
64.27864394388658
67.54584023010972
92.7430093550457
73.00239343428296
86.93861735129065
88.66622526548248
100.91063954389595
90.0848268144374
88.16714958200681
69.78204281680986
111.25196182076884
84.10960459947157
85.57615506497393
93.38614265453383
87.43747271759253
82.92925099985229
96.49729842600011
80.60980857314496
89.37278422850972
94.70937005772035
79.24702250718246
72.74135504526578
73.24901211260081
71.90520034933657
64.76164179740428
73.06196981859581
58.75326552476778
69.90368772629965
64.1818441143307
61.902909697568596
68.25919276439258
62.9763295932918
70.06394019439526
74.46641080356285
66.97363482301735
73.9407170615013
56.96715956121911
62.79127284528392
61.0441752848421
87.11624666584703
61.59623973296733
79.26765037619471
63.04185297635761
70.60014874146334
75.83431495516766
77.81379438613443
100.53458951638392
78.48087156477689
59.12733482512923
75.97898124226082
87.01647012306132
70.68919761766111
85.57668471507037
70.64233233873634
72.30197774729179
75.02301496810615
60.72883746605122
69.7759679420309
73.56901111179009
75.54997796453624
73.92049838934415
63.279550103751596
62.079896703571684
74.03018942621708
72.5617748124509
87.56321665187183
76.34086929018538
72.42125932604719
65.4810897312294
72.2963603830379
60.11284481573515
77.632673654329
