62.40563391603398
61.69763995616343
76.67159724483068
77.80412192649135
54.15462470862755
67.93598470178391
62.405483833217616
74.17971382647978
70.57501736207011
52.455923875461
85.11422670465235
89.73657788307338
118.71779025181252
50.94351717046684
94.2953168460139
65.52877347020232
101.11356515047885
68.77475324886885
81.8365728218912
72.86200474647879
105.43372947505051
100.39353446746665
105.64471956343512
108.1461032233462
101.64865123364558
71.9314152678439
106.79762591887501
63.56433111063842
78.8426533454362
80.40520769919114
78.6797610079143
103.74786436392058
79.35169659825536
89.7171288603284
86.95801344158475
76.47838747843619
81.63604093773748
65.95655263320005
81.56241058666963
61.16031104694389
80.65605654948844
104.46624855910947
56.77710750646975
77.76282841450022
91.75972470343555
77.36935778187454
68.64445641756078
58.46609466039203
77.7237217890277
72.30949706439593
