-85.69268342327412
-91.5214908218889
-87.4159873206388
-84.40188397709045
-88.83677784096038
-80.09800907450202
-93.34474582478994
-82.8009728465723
-91.3664216353654
-78.76121723909569
-98.57292239514707
-81.94664200919064
-85.73893624071371
-82.40022113146998
-74.56121370841959
-72.89215774044524
-77.31355760543423
-78.47518517695633
-85.71655132047304
-100.08329139597147
-72.15410753773169
-81.49052175576233
-103.47771330401768
-94.54546818164805
-83.67860586943934
-85.0181282245829
-84.27775254002383
-90.70060824049862
-69.83049664565601
-78.20119917108713
-76.25897225886818
-89.52533960927367
-84.0794698804212
-89.24348624681583
-100.45972434746221
-80.93639720609204
-98.97157430049846
-100.72250958854566
-82.27932690649739
-87.24162276987408
-101.35431608578698
-109.71549349239856
-82.9833967443253
-86.93443602081436
-74.26419375462103
-90.59459185651016
-89.95001255431477
-99.98567629846886
-82.5169692781238
-101.00227976162354
-106.80809229259572
-91.45774210758798
-86.8964170753675
-86.64327990417401
-94.09859024593894
-87.52434060444202
-72.88043867433232
-111.28914133105037
-105.43637861286886
-66.25046607562604
-80.51782854721397
-103.37155008073493
-86.7394686436897
-95.78420422115127
-88.73580578083674
-97.26608600951452
-105.80656971711895
-89.02677463646047
-83.56854866977422
-78.61530439111182
-83.74509530342895
-75.76182279272358
-81.81759077346622
-94.03337578491852
-80.82754416210769
-83.86292902571257
-96.3605186412825
-90.87330152697255
-92.18296798229505
-70.76087726063832
-81.32427589466819
-82.46677030791032
-85.10275469887206
-77.87263190243446
-86.46326563164693
-75.85019271112955
-76.86431229896898
-91.69067521311722
-81.56243207129563
-106.3197814816801
-104.73607095874952
-81.29656951090433
-84.68125669947099
-67.65831449855094
-72.487121271131
-74.68240428552483
-94.77153258075164
-79.42213773331724
-89.65543795581935
-77.7338687293887
-108.7256855128402
-77.98413446503946
-97.38053719683415
-87.65118436953956
-80.84890451881559
-77.14749061853331
-80.3069706586852
-97.58018667544975
-99.16288984550792
-86.38587207999025
-91.66567112970513
-76.99260044504791
-76.9634124294192
-76.87663609912848
-78.90557833678477
-82.35711062528812
-94.69120712308475
-91.83997523437115
-89.11037144772378
-76.97584117925018
-72.16284907898377
-87.45410706102038
-76.9799016683703
-94.78625296295019
-101.136192016667
-99.57911356051845
-83.44105923033278
-92.43389176409164
-101.48602552992924
-89.55592409007241
-84.22299752578192
-103.57576714753355
-94.29927531647084
-98.39485118555216
-85.71505807878407
-96.26808515243334
-89.84389532395603
-93.64570106321433
-106.92382812622888
-91.80408563613764
-89.9395821108365
-78.40702004867461
-113.46711232142725
-97.79111134830357
-82.35922575213425
-104.61807049991367
-94.65325414750133
-109.14299465670723
-93.10249864560932
-79.50806441230932
-96.75688174193002
-82.14347470062928
-80.79377334767653
-84.871224346274
-88.63828543164205
-101.58201022714171
-90.32910857206079
-94.87526068710433
-112.25944299345139
-96.36447970820942
-81.77803259116709
-88.73881453760842
-89.9595995678422
-80.26241239414084
-93.2846586470818
-64.47371247060065
-109.47679098248271
-94.75351544367679
-89.43592673751833
-98.3920680673747
-87.37069148323582
-94.54703761698366
-90.95204964604838
-72.67410767539128
-83.69355336623764
-80.40142860096893
-75.67307488463238
-84.06484524613354
-94.513078808725
-74.33452415156772
-81.16708190136363
-75.63601927687169
-69.51586544112656
-70.42105567440862
-76.40749327196902
-67.9123359959565
-69.82946614630319
-105.0532616427317
-77.75642544531603
-85.51474669569332
-72.21250685727613
-72.28290103844108
-76.94578718985738
-80.44651270185003
-75.71224684921475
-92.98484049229106
-83.59266294842314
-80.0723717650999
-78.98576305112287
-66.98230042302288
-87.88874925066905
-83.40171425987778
-83.87299521979479
-96.77474012292186
-93.1542160545676
-72.63753819197302
-63.47499313794788
-87.564867845769
-85.39439270173334
-87.62066879944155
-91.22615654116251
-90.10968907079
-87.66336390914437
-85.79772819596228
-79.16223987700204
-89.91113488240366
-92.87149442808692
-80.06739951131523
-92.06976111405804
-89.52324575302411
-76.44031638821662
-92.1012165112529
-89.10628631564995
-89.88541664775616
-83.4523571229806
-79.04168705742646
-83.1407304717574
-68.99920816350243
-84.13669452279832
-93.09666759714072
-101.05031594263195
-72.01062804576117
-87.27065782104162
-81.87568524365356
-94.58080684087956
-74.87495459633867
-69.77980238655394
-84.5551694277735
-76.05258903654168
-91.2167964831214
-89.20619077196282
-94.97001176257231
-69.85554109039543
-65.7772361228036
-82.95045327031113
-103.96496222513744
-80.9378200202674
-83.17051596958255
-99.26976224372186
-86.42140689029789
-85.49448010156605
-101.60619474911421
-92.65437524908053
-88.22560693714898
-96.42171132743587
-90.37815321425929
-86.9035238989763
-73.60343409762504
-82.95019397058064
-83.18120333307407
-83.47643570055946
-95.62611965722127
-94.61810343229052
-80.06213818006856
-91.25599458177625
-79.77054485420017
-82.14899869337968
-83.25290451820335
-80.83298463153687
-71.56734870657168
-77.56946679698427
-76.10308793012675
-80.9816885648727
-66.37284636616614
-86.92687464806667
-79.82205343071726
-73.54940900051356
-99.30872223332571
-77.31874589896121
-100.8046487562472
-94.47005429369564
-83.93119236301001
-84.02709708398893
-89.32439493290572
-85.04508934894343
-82.89968155009512
-101.48618539424241
-82.22851099111398
-92.40835696971625
-104.58731279298867
-96.54940534951851
-79.55235027998371
-92.00970190950655
-84.02049243026335
-89.18696387389261
-93.71589347329518
-85.26242747884918
-80.67176636484345
-88.27349547133069
-86.37519065784377
-85.84534514637474
-91.05931842318262
-91.37072952554571
-80.55469873873882
-65.03626132443335
-82.84748771899538
-105.19000545003513
-78.00429101787354
-79.48033895256097
-84.95168644757852
-88.8779404105206
-92.60951759385448
-109.32343865682114
-82.50752071964709
-70.78545338449965
-77.28355735643787
-88.4893969635394
-70.79747917325835
-85.81179102994739
-84.9685886000638
-75.36377269457977
-74.66601910680893
-85.08431202953008
-75.26819257457043
-89.9693346923428
-85.2114088649307
-105.4088184005242
-83.41203014401054
-86.79662140241626
-87.06812750319546
-87.4732449936076
-80.80688676048605
-76.1192987713926
-73.29932636018273
-90.23007875138029
-95.53576512449656
-79.37287047558169
-85.53104214215993
-76.56726730122949
-100.69342861529196
-94.86467525779872
-83.46633962234775
-89.10437697327859
-102.0400115541826
-97.4322417471796
-94.26298684352689
-87.17680430531283
-91.79694561746447
-85.73420539652328
-84.4299594815503
-90.36111327320516
-98.07865858453384
-92.00425478953868
-102.23110995720795
-79.74716316337359
-83.26088214317811
-98.5930855138772
-93.21765473491452
-106.64428081408371
-85.32084631830634
-102.91828192331585
-81.81783721554228
-89.64417552599093
-107.16779076012317
-101.03344447568718
-87.35726794907234
-85.32393472779391
-72.4931101137201
-69.44682777590714
-95.8584084343124
-88.53833353937475
-82.38145121780205
-90.10650254936422
-67.36779283784814
-81.5862166988267
-91.57970555630128
-85.46713560771066
-102.84901092810871
-95.86936538900544
-98.74732661551924
-95.52086499854981
-72.46296366094654
-84.60753952328093
-94.01393140821604
-71.22477713620837
-82.4518965593144
-82.59649455115103
-82.66380508355361
-97.60771586673067
-96.61868663116225
-96.25786509828555
-109.02011931972996
-86.30227279145407
-88.14604367024168
-85.38814824469718
-92.10195851377374
-82.96665086960714
-73.49620841925808
-77.56902952303075
-89.6605821411811
-102.76888177320862
-61.59779665428105
-92.09965251577516
-69.15913477391207
-82.50583116185044
-76.54283992245506
-86.76170891539495
-96.68867498783979
-66.208081752703
-81.27707889799633
-79.31193342458258
-81.51390072085358
-93.37950245429636
-85.98478515934548
-65.80344907907528
-66.61216832455636
-62.27024304713305
-100.3403417355374
-88.09242763319787
-77.9796090509017
-87.43224913315568
-67.50335639352203
-91.64013957697354
-87.6257723772019
-84.30629352661839
-77.64360559504462
-74.69927769938386
-76.56206153763144
-74.27173645806644
-74.87425281998779
-88.05463542549951
-86.27712836477498
-86.68648729538432
-76.02447382076312
-76.47943511452281
-90.12697314978632
-77.54305990055931
-73.26932807915377
-65.77766411470242
-71.7150244927004
-73.0253949136083
-77.02110518500133
-84.17564107982044
-82.05689510402699
-87.26320480324574
-98.36214639726646
-70.33615558566164
-83.01397181899061
-90.70527928994308
-72.83876928293816
-95.68357049061017
-100.22588622164588
-107.87637195960845
-88.52499320617683
-103.22556552887085
-89.06915301309049
-92.99575504061994
-88.65369608233016
-87.06819528270736
-75.11951551642
-90.34201365633959
-86.08608502979547
-90.41969825815862
-77.29171556122297
-96.3463709658547
-82.07834932158815
-91.04689026994633
-99.41862559686268
-101.79069083144674
-59.900153444205195
-82.43394292147644
-85.16082522350828
-89.9307325382585
-91.29295629165318
-68.35521825413338
-74.54523276906863
-76.18663118605853
-84.80619383992882
-84.46869345931246
-85.26913652458958
-82.85849229766251
-93.84248509762129
-91.2481493160329
-92.79865384413766
-74.4896350255784
-93.96929461937643
-80.87979139890669
-100.36336384073971
-89.43713996822207
-89.92206544926209
-92.41293873918583
-65.95447897838869
-73.94129141510017
-81.36140692986918
-81.66239853127217
-93.0438566040327
-79.91886767338308
-76.18287273775555
-93.15478338498035
-68.0230021276605
-92.02804376824024
-94.44970989521111
-90.97825445092418
-98.96664133265769
-90.30804566321916
-86.30640664425523
-70.73757380330672
-74.36164873178815
-86.03114321332319
-79.92547674686843
-108.37144465892509
-91.52115249959593
-83.72154285117941
-92.08997085938064
-94.8893328036132
-92.51368513961697
-79.521630954554
-72.38057727329551
-81.48262191107378
-95.64174551885537
-75.99103863161497
-79.23442229573287
-82.41082157666706
-88.98941342826456
-85.82711298250487
-87.45916595059168
-81.33665090099821
-93.32436231109507
-70.18073692253
-99.1121226425585
-88.14261007690237
-90.56133752410933
-81.28145510378002
-106.75232922882442
-99.8872299984514
-79.9099457216957
-89.5322150833277
-72.5987271835946
-75.92989712105283
-86.1040594968791
-95.78009028934346
-93.54531817437314
-86.99381459325278
-93.14188544856123
-92.39074069627522
-73.7277356885322
-90.97985133602396
-87.71743674579756
-85.75911999297524
-87.84135769549019
-88.60638804247061
-90.13959656373353
-96.68966900579515
-75.60838376706296
-89.14160563937374
-74.14828899932449
-69.2686866349528
-83.61086968869067
-94.6917000446915
-89.2138855638119
-85.67752166942591
-92.31100646515799
-96.60114353558602
-92.86352583186819
-79.23169110597033
-87.57666209961523
-79.130377940248
-80.74899948923803
-73.67948192729511
-84.20026655288541
-90.7800295197093
-98.8100268359884
-97.28209240811805
-98.54848492155743
-90.29231443620967
-92.90837673909166
-89.2789230745394
-78.13525947929885
-95.06629704075108
-95.84986196316522
-102.97772862366288
-75.33152556559271
-98.30732559788183
-80.65952076753435
-87.39763975641492
-86.0468831136404
-101.63660961355721
-92.93477324410077
-85.48159368083041
-69.24702907857115
-85.60847042025124
-80.70240751782953
-81.72191669222595
-97.27710774431817
-93.92813361417346
-79.53498915042248
-79.04832501838285
-94.83643597255536
-82.75113003104005
-88.5840295556883
-71.37717464582202
-73.6730760269883
-78.37993450232702
-77.74305401814118
-94.61643043396622
-69.67221340203024
-98.00070244312926
-81.59514492090204
-78.86715460650208
-110.02548703644082
-90.57276992623572
-85.04693748574522
-96.61519414078963
-81.24641612864998
-92.79722575885879
-87.4483900742712
-107.24027821735373
-101.14629205428119
-93.62251418606537
-91.61457897201966
-81.6824606286397
-111.47062829987371
-96.3679059796689
-86.6064364484528
-81.44383998910793
-100.89608676761468
-84.42562701394245
-80.66588492374709
-96.63833147160773
-79.14572277693382
-110.63479582911486
-80.13599328680921
-91.26594462479795
-85.27980207305201
-95.99082485199544
-100.71131593591228
-101.12161114637618
-89.16356500216631
-100.34349254973317
-100.65374012362224
-108.20445285846198
-88.3928634556589
-79.36416601231583
-87.52133469148987
-96.15152894695017
-99.10439074350924
-89.80479794504456
-78.74523157770497
-99.4625811948027
-97.90377380799316
-85.95801136413066
-81.18317010398593
-80.11404050390337
-87.05639584418564
-75.2209828232515
-86.90587697581341
-82.50403506081484
-80.27073275730437
-77.56866964238178
-69.65478947435761
-78.48650558783378
-77.96613142022643
-84.40780840989325
-76.21870265335384
-73.76940150005179
-85.0616252473712
-99.87986558930541
-80.43971008381662
-77.29301830325679
-85.26266558072714
-72.50974258606585
-73.69402462817526
-74.72590055095205
-78.97517510241572
-76.13295748235036
-71.21543449489819
-81.1042478477922
-64.79630273385969
-81.37632467006296
-77.62705552043641
-72.03686323696797
-78.79828934693545
-76.42550878340907
-88.44466770767794
-74.20901213489839
-74.44578998000385
-77.33266953671793
-74.48563086422823
-64.98401346609047
-73.36485201348
-65.01871036485926
-64.71762478245131
-74.46156891964486
-63.36987058837023
-70.14419873344497
-81.64176602147029
-74.07871418042453
-86.85955444814314
-81.43729448809049
-68.9310195769246
-89.61831405879241
-81.103998494127
-81.22192367844174
-82.21794952596494
-84.86471093889169
-77.17002252717562
-84.33672748320825
-90.42917020522738
-101.4583707330024
-76.39576025444548
-89.15253084188684
-90.06227611775272
-81.89490801948165
-85.57884580157155
-81.56451421828127
-87.94082821587035
-88.09245544857556
-102.59870237166182
-102.65844846145436
-86.83811378637033
-86.77528105568443
-96.63782126823202
-83.37477393694633
-96.11170213467355
-108.97954125863984
-105.00026509663668
-97.18269653360365
-90.04729545761626
-102.28181888443015
-107.30633897262547
-98.44810072333654
-98.95728830099966
-105.25595511522991
-86.06447073538799
-81.43606645339598
-93.0217081580516
-98.4076512931873
-90.73006843187352
-95.34302314719746
-110.73507723080468
-100.66143394377643
-92.85340475990601
-94.65619412152354
-82.84669363327586
-102.78330790221699
-102.54521347258058
-97.43658981696932
-101.79634873541895
-93.28857789389238
-95.89740679488494
-94.20313696319543
-83.53574233156044
-78.32229302383023
-73.16316017546652
-85.88349058036974
-83.56246736832097
-96.5124759670444
-100.1870405994797
-84.68115460070108
-89.05831859616592
-87.03083511750872
-78.48300021412037
-90.25915033365672
-80.8784591299397
-80.40193519864502
-82.34649844217857
-88.64122426189735
-80.25196374580392
-72.39843982328237
-88.95664642559518
-73.40353599649248
-85.24964655670979
-93.71142786380945
-82.23529079223272
-83.24896951271049
-73.89469453439114
-74.2080521295095
-72.97532886174656
-78.09664300278064
-77.98122888025738
-85.53793473586522
-93.1344425366552
-81.5054734168765
-88.42188975290149
-102.08412914106977
-82.40233818432209
-90.05674147285494
-83.59169046996654
-98.56232536010705
-85.8106730423879
-80.26999724500764
-92.48348533710296
-87.8659853789294
-83.84143058135152
-75.60643105988623
-77.65926390848095
-78.94610582495854
-80.84614964866012
-85.40440956666247
-88.5188301598166
-74.14552459868713
-75.27305588917983
-85.31576253862475
-74.35655680945078
-83.46923426880056
-85.44416909484941
-94.11955063122419
-79.03830850406686
-71.35542399183359
-75.99975321645682
-76.03522717860159
-77.00280493114107
-80.42005974522247
-100.64946007219322
-78.40693960536626
-76.14677600855302
-94.73150136698867
-81.75559678258449
-88.89984943655799
-80.5319627725625
-86.48125275186743
-83.11071310907018
-88.21543798301224
-86.17510871320606
-81.19843995092785
-76.18795202802558
-82.35394022635042
-86.16205794186975
-73.05949071572584
-78.51422244332716
-73.28156964320827
-73.2097603749453
-86.67233770805905
-60.74735735283128
-76.8950570093976
-74.11830471416681
-69.99550331117865
-76.95802075522379
-70.50061089963415
-85.22516375673838
-74.55262373033926
-82.4669131544613
-81.46019083741443
-86.32671216411305
-84.39272995201061
-80.60047910432796
-84.19515912422206
-90.65004658219371
-80.19449528928841
-76.88682934095308
-81.18106954671646
-93.89404194890717
-88.2970962029524
-71.67750724052823
-92.45442535807663
-96.97910086364163
-87.42360623405412
-92.69984871451814
-104.34491176762475
-99.2633827101135
-92.7302761281707
-89.92814698744247
-85.22699514771965
-92.00827997756484
-88.01915414560533
-102.59924893833077
-97.01652366883714
-89.71672442080774
-92.04096843969087
-92.30951617055418
-98.7185189978788
-103.05674506038069
-84.42699479214657
-104.48446686484826
-83.54764229416165
-80.63543713032763
-82.95820390014359
-69.61212184568558
-72.1321285094549
-94.00781042488455
-83.00268172034367
-80.68658153376845
-75.27304857793318
-90.15245669078713
-102.56483769841219
-85.37198854702251
-92.04471015393311
-86.05342415800348
-89.44853892085278
-63.788901436141124
-78.40274490440929
-75.25956344931133
-70.72992380450307
-61.48363097267307
-78.91546556721649
-79.15304626820718
-77.2079026309685
-87.0340619415702
-81.84175313132674
-78.40012951270649
-85.5947326395287
-89.36919372752752
-84.3331995155911
-90.87540134457079
-87.25408664500473
-76.45433458749949
-62.73977410273497
-87.91242318541221
-82.10758619842503
-80.56379133671705
-77.48643380645801
-96.92344529236587
-78.90615288486194
-94.5259881244436
-80.63294420064369
-81.5832011677324
-95.65489338774879
-80.32171712215052
-91.30740930048671
-96.11688011228293
-87.18196971317323
-85.08697426231828
-85.0149509244214
-98.17534517814379
-98.73309354287638
-88.74341759563474
-94.81575335825096
-70.58988162419759
-92.03762504905733
-96.36122099373965
-79.80114405916622
-86.57477173247776
-80.3463959847948
-79.60055946704662
-88.87099381937139
-85.13998146459403
-71.5206523473741
-75.9003727639407
-79.61423371418964
-95.11036706820215
-91.4768417806736
-80.18350776338738
-72.54655554615947
-90.07973838207508
-77.34935081513466
-90.6824142805274
-84.40586591401956
-93.79801580084599
-84.0847815380567
-96.02039079253485
-74.7330141972777
-85.42614527410937
-82.76036777395959
-94.58660407047836
-94.51777874996726
-99.50861857984523
-94.02605804002498
-83.15423781572218
-94.4649236855479
-96.16246370607482
-76.93820642873413
-97.13041346038307
-89.01859467565258
-84.6877712128561
-100.47905609947887
-91.09621305648977
-107.37298717822752
-82.48840576007942
-98.69280006160616
-95.53566705944988
-94.19012504367598
-85.61868622370909
-88.92040971501683
-95.48408256134695
-92.42952136834705
-90.18207421654303
-74.20395006857997
-94.5460247514698
-84.75969118459851
-101.1905353699557
-99.39002310862678
-85.65733722560704
-96.67308222153063
-96.02031052362874
-90.33037355676295
-76.17811371200924
-95.2602475384019
-100.29724347742481
-89.11673514759734
-99.99298063699332
-95.57973774876162
-80.97172584414766
-90.4535093057879
-108.58836242533778
-98.1843245787654
-108.20123585809661
-87.4088653884842
-100.79361372124464
-81.01415459555876
-82.58005886371438
-89.8310808811512
-80.2628598102778
-78.46063881177825
-80.84003873693719
-68.10042538859098
-72.62891623438854
-83.5574237245074
-74.90696320603539
-83.76096121411895
-87.18594934140549
-78.51415332010868
-85.06136821789168
-73.79680819524826
-91.53790999346036
-75.89209193636212
-77.80105978738601
-81.24653026072262
-64.19302317511901
-76.01729023339561
-78.82431987298295
-94.70564379838396
-88.17613530457268
-74.85970076350428
-81.09545860078296
-73.48770067630335
-82.76846295488494
-65.50072764532045
-82.9636714404776
-77.76030081145157
-78.37729521940848
-67.73157674698676
-76.00051012930545
-74.12610881779513
-70.2426966656703
-63.17487031551498
-67.65108894533306
-62.416029996193906
-81.28536462804057
-80.57363202267486
-70.8283949298783
-104.72493331317058
-84.17713221075496
-99.2132307227002
-92.03983114926312
-66.00041869095725
-79.23537991504931
-74.00304569656917
-92.32038672437457
-86.0876704829066
-78.16942017159221
-74.97947103713923
-87.30315457628498
-83.96502511329572
-84.62111275023263
-94.08286008221965
-77.21818145776983
-60.809229983961565
-77.64574858320856
-71.41529129324961
-58.1337761962263
-68.78887190528029
-74.8648283877217
-90.79041100255671
-80.49171036958373
-86.07975502999881
-78.26265837293398
-82.14295777499301
-94.30069672879947
-85.88407088043199
-94.20760809370626
-78.56928907082637
-94.96922554002566
-95.20109574940241
-83.43231260531329
-92.73813602989063
-83.68052008237059
-92.82991696074065
-99.34257518699987
-93.78449673580754
-85.72327338006843
-88.91096214978909
-88.94358177967494
-92.15164183675745
-107.68084559160363
-80.13581056880851
-78.90539854998929
-71.46034831891872
-72.00598571826751
-71.14787602842395
-93.02198941951764
-86.9346807528916
-87.01780576555902
-83.25125030586986
-78.7732809421453
-94.34036513684389
-84.96792181132302
-77.8744218736438
-102.19235256967332
-78.14039750612343
-74.07557798508404
