89.47763469530932
93.68328439873879
97.42929171022033
83.28152816343558
80.91813832269179
76.35091473073633
78.54145003466782
83.48710018761969
77.51194166389041
70.85828374808845
71.24021582883283
98.56053682358939
104.67630880601375
99.82942388826096
117.4671837038136
105.19658094453727
74.23034368011027
70.20566392536176
93.86041756644825
94.23734189837361
91.36375853626828
100.17814433659716
74.20297029966443
102.7486588051305
72.01822021931106
92.99834189861319
101.81946532422008
97.87076242678047
78.81210976801435
82.73038203527202
79.87048970877802
80.09852084735493
82.0870825795121
88.3459607192101
108.02813667367796
93.33239044417536
95.87373662224434
79.59475655584262
111.35631152009326
104.45569652353772
109.21977716902006
93.82500678890048
87.7780724918533
87.64289872008895
94.37413837991079
97.5466415534252
78.5042332702361
81.72879104557737
108.9082309202456
87.2460428387617
94.54159793188877
93.9705924583456
75.50359539911067
75.39399581258786
73.2753511959093
65.7475950535023
99.9719422304162
75.88317704410026
85.24679137162553
95.5566272361212
72.87958836261764
105.96363728127835
104.63298974403341
80.95899286757434
80.7767743479133
80.23505444014944
65.42475637255002
81.74145740185631
82.5665415227603
74.97172100248736
77.84997399301717
67.17884639657582
72.59168273556152
89.60573760488413
84.83323245700572
84.04805111848647
76.13120434925459
91.51990238902145
82.69428092678851
70.70749651329699
86.02658778620415
64.30498619139415
81.98695651082411
77.67357550387219
96.8206475312901
77.34554558384153
89.62041347357588
86.62388953317397
77.0142604690108
81.13335250924851
84.25121713223095
91.43085784861556
85.98922960455282
88.48795283849952
69.89518554919948
83.58406909130589
70.50157122026808
76.43432326013887
67.5494030589035
84.09647237371345
74.71944755627273
71.91231687547874
74.74238252852429
81.64828965567911
89.18393332072182
75.77671598867599
69.6879451864996
100.55040097449968
77.79662299607394
65.18658461895285
70.1043216597997
82.43410462228823
57.646073216835
69.7997063825263
65.34732698906053
83.3129424099286
79.91429538246753
89.51247231745931
76.81047121984794
78.64312205124948
90.56950080605986
81.58853665191184
91.09096512189574
72.96433501007454
79.5643390675562
87.12665947859571
71.0646809996124
82.32343831985325
77.66271210055193
79.72149734911841
81.14296088141431
78.20586486219636
95.6846836672599
74.17989115054705
73.39687066159787
85.38421222296272
88.03805529148401
74.69557717784902
84.18828415579702
83.71492988235795
93.24799753262502
88.5134686627677
86.66500347666312
81.75229405385326
69.57788652469429
79.27053619620867
66.7599178072223
86.26500195227797
95.27272501374469
81.0570325611665
81.13182853652394
91.98241671103936
73.65510687899013
71.53424443837653
84.24334101958692
82.88437112233483
78.11459383603811
76.94472433246762
72.17070864443849
83.89154742309383
84.02611796738633
83.05079377409521
83.43296301502494
77.86963414239321
92.88371878127592
94.18287862636984
68.39906503722865
85.28414259843967
82.31880646688512
86.67558450420657
76.28167010218702
88.31599120102413
95.96566652974954
65.97053346931254
81.24597084671298
75.42840603303839
85.30611744378662
57.81252391600759
82.58060838551005
69.84823408510972
77.43151405825603
92.95530211756709
82.58992697507269
89.96897857259232
74.01521994081666
78.50770684199634
88.42723057646434
88.65013920162055
79.13393606398135
77.8424900621419
79.74258778287066
84.56291382234949
82.83753164395557
80.32521728757256
97.67157380434823
77.86083743602232
63.01144809077228
83.83528499198465
87.90851503974947
80.07598250136554
104.56099008121564
79.40276558167626
114.77190731897994
92.43722119906181
91.18914964249544
93.34731761392528
89.14131599168913
70.1207785285916
105.0871223758553
74.93992550294591
63.76474965680013
74.51816072567446
71.79424728642505
84.58521191655537
76.70676609705356
70.16422436682961
95.85454619785412
85.1443895562106
87.50307843470463
71.71547322628518
64.84211535466589
83.55504358215013
72.43451401389606
53.04687857825325
73.03156105042437
65.88258550983193
83.02696913482717
79.82362481446857
73.53796850984703
80.90032806267861
73.95554723171156
78.60169787344573
61.27503919413146
67.4684474698322
75.43386316776561
92.29448224521208
77.67992007941805
68.6028501745271
81.71686576026605
72.88617926650706
73.2908477358073
65.50062277907573
61.021155297844594
83.2752625421024
70.37208893888331
71.47202773313779
83.53187560319523
79.0065822902746
86.4351282347054
88.09775954657187
100.18801880360753
107.55759301664413
71.66896902341301
71.44750314783855
95.23019282906415
89.20843256383472
64.65266181699434
85.39922126355012
89.1001024956187
71.48995331159871
79.09686920887398
85.87926718579347
76.40971090838329
102.74334714298745
80.1994896975192
88.72794503746046
67.19742274220968
86.95332767062614
78.26403710974273
76.1489141589067
104.58636459848944
108.37847143302098
80.05766892479878
75.8612460113148
94.17749479104918
56.65312084348225
62.698291357018974
98.20020118210999
93.68293335926784
94.85167955035728
77.0719139538335
95.74333944925705
110.88950499314645
85.315644082647
89.6986685215919
73.65511751463274
81.16591029849002
74.54035645985842
93.3420177117059
85.94646723480764
85.37158271801707
71.06693106497664
98.90789867731378
83.80449150539553
80.2067960244913
98.30171506752889
109.22287781263762
77.95261589031091
84.33922681117953
54.616242151890724
86.95129449537359
79.7821088479777
70.20607174109817
63.88844310478322
63.08239299908255
84.19053491626076
54.41837376767297
59.753215257458244
80.75947645276847
88.73590370453813
83.8742815222791
88.38114267946877
72.97155608060142
61.3558702053721
78.68915743272188
85.58415958660952
77.29608252603471
80.07040076732704
80.2897165774097
63.62341302873211
88.72032448136245
81.78314066154512
74.2816648119589
84.1799269945714
106.65242378165225
76.69668824334667
84.66961198382808
65.8068018266637
79.65741112764641
77.13258656387214
81.04173278387054
87.76586534948675
90.23754650504371
71.66158746366497
68.56977434950925
83.96712329740247
69.32360930266748
78.59008698404703
59.84031953674407
79.08062095924078
69.23660845029873
77.19789151272826
71.04000997488829
73.83633928494262
71.37524684963711
72.49918208016926
89.95626879021808
77.56875415463077
77.21752588080693
89.151257464773
68.20005793322856
78.63671883270193
80.27263352287888
66.39916671339509
73.70642000071358
81.63884977761634
77.69603717171061
62.358174200300766
66.9561931203221
79.56077555127156
76.55110905808047
61.574328752802906
76.69541391477878
84.03829931157046
77.96356907330194
96.79073328299759
73.84400473092559
73.69186474489301
84.3313572214003
78.89475936777491
83.47859449352234
82.2756564271218
68.85265224705029
102.0708918204291
79.48646200220477
85.1471473893916
96.794031680597
74.52394676997332
88.55371130645668
79.2307736445244
92.87555828476296
66.30991527243637
72.58917727970946
95.96643123127659
89.39665824644281
90.4848841584297
96.63677026131774
89.39777259288046
91.91430634319133
97.51358499899712
89.82656913229886
92.42626007735747
88.84375990910752
80.10915773893845
81.62287583248315
101.14969700622895
88.69545799423356
74.02718054950871
83.82757697441546
72.54424510588751
88.48473789873397
92.99776380462282
79.30960568749788
86.2661578727531
81.83327369234559
97.50679467984246
92.33433690935976
74.23943855847858
104.47790874590902
87.86080459356201
69.21686821299457
86.1051112825119
96.96576094577237
103.06722716815375
83.50278619298925
94.4664364320278
98.19943530223594
96.17187462707685
84.75821871991333
91.40064282262914
77.3621714040589
98.25605485596581
94.63211602573323
95.46784136371619
98.13460015186978
91.63311033223084
85.73101178174102
92.4830689572366
73.8269762166933
85.55524984453109
85.14786848065049
81.26587932929878
66.98907197091366
93.63022968029699
65.92016038191444
89.70990194769158
90.26064833585859
83.75662880078985
99.29624406469297
93.19724136287408
93.77263868919135
92.51806490137876
77.27325763222277
81.67278850205506
74.27747700478619
68.12220565457586
97.02915975808266
88.59625881882242
63.85464729142054
98.15528136426614
73.34799426980412
76.1898242355944
63.80411971516219
70.99149541374754
75.52525939189768
69.415657903946
66.17272747104667
87.73582763910156
83.72728606903269
72.3422890699525
74.33003760788543
64.08334681336262
74.43515917015361
60.26422456186756
85.01991962811147
70.9076318470968
89.7612539635048
78.36915964057236
75.2729439910356
68.5385663876724
65.9960210139641
78.79708754170554
75.39740598244163
66.34983705453224
85.89698164762072
83.09817427750014
80.34075787150545
70.82422107769014
81.8794092099064
65.35989534160629
81.46179510586535
87.07434211416759
85.82592427268648
80.98978158384791
74.92197581921181
73.06878642774095
75.56482008394929
86.03994584511966
71.31273681032637
80.94983390121689
78.55907886052836
72.94385498314692
84.44781218285605
78.79083300516301
93.71144182046278
73.62221640507966
72.29872830009198
73.42532920469498
75.65137568220884
64.98941993208983
77.83431065755359
71.33871117080967
71.70597651957159
70.99995729774436
66.1701507955529
78.44943627510429
80.78025358677948
76.05577736139188
72.46917840677386
86.19601515748715
68.89146438870196
96.52582743678502
92.23562141137155
90.83755028545997
96.0588824838429
88.21434359074632
96.8910197429831
86.61496130057976
94.90386254400403
90.20247598002737
82.45219426952619
84.47224979948192
92.24471268634987
91.24910609341809
84.45868278419925
86.52424182244258
100.34425845028953
81.82994467588412
96.86380920029966
70.10454124359613
89.92422875741855
79.14299225660695
84.3403088145986
108.13462065737144
81.63613472217891
93.97644493576031
87.11762844973836
105.66743393566898
98.41204030984754
107.88524640161745
78.12648078297492
74.37543129237656
95.44923759576649
78.60739951107786
95.72269354405863
84.2870620644918
99.95536709741391
77.68114109739949
87.57267709750393
80.9355247546479
79.5300461858852
80.85201965197483
60.66044476064037
72.10961478102124
76.01282759674
73.45674486186518
89.75232437383693
83.96630085378112
80.1800520312494
72.76961885087525
76.06215805366932
83.88536504903783
88.82054735398803
89.70567302925204
89.38282645368129
100.41042609170249
66.67914878159344
85.56078438112606
85.007359919778
82.52504713959726
70.20381760303097
81.44703393033681
82.53523486155925
100.84710995535215
76.50415738769183
83.35282163016237
82.46557920883807
75.87880869669377
79.33650015574055
88.0106740112722
80.21570616779675
68.2101340255463
66.29368437431556
84.07546905202697
82.48195103512758
87.57646526569164
75.8759965702078
84.59299612486916
80.5045446714133
86.21808790870682
72.79927297802789
90.66011796809059
78.49687615557545
66.8935622201747
73.42806887149125
76.38652061680169
84.02656405396606
83.78044907921722
59.94855552838706
87.26449168354665
84.1829898498966
69.68834268570073
66.5146192251507
81.40060209608951
67.16624714346884
77.1045023116889
66.30269026050307
81.05989446225986
83.15032924460874
97.12555009982916
74.78396663601507
87.63719535493014
76.26512310534308
75.17635300500055
68.88841653202465
69.47357835897478
88.68082728305208
64.52326242215864
82.37619650568493
63.196797546935024
68.72853008012235
74.52043322529731
66.27285678627231
84.73507686329708
69.90692903943696
65.45782804691262
78.29336917701679
70.02806640156949
71.04871107481378
73.51726548355431
63.46034080798791
76.12888643142298
86.97722064015593
70.4293220510462
68.40603642255795
82.64389866735543
84.78670929370064
67.83272693036878
75.03727573635798
77.80449830379268
76.29352017631695
92.42414096105715
74.30628742276126
74.73541787125339
66.79485263106427
94.50285864710378
76.85546028484379
67.31896068510494
84.30760676748358
65.33062849286557
89.38611202374244
62.84911525169492
63.41308033578232
80.42957446281639
61.04613841929732
75.04486885898916
69.3290332046642
61.780961159740635
94.02900534168086
74.21403223372265
70.87643888435215
74.38372921641985
85.96371627957511
70.52427868424564
84.40824492631579
77.78164168182325
79.53604965898823
79.12006033469122
85.25195654596843
83.01915768905316
77.3872849560796
73.16573009072985
83.49535753921307
79.22835622867595
77.80239774334052
78.70373092180259
74.82756738840804
64.81155956130956
63.36320815091417
87.72883411994229
83.10072557123046
81.12792513447842
75.79643429267462
81.0894534785675
73.13724401949516
78.64303662863162
66.70542471610773
66.70302171500173
74.08887988124096
85.7317136340984
83.86634679120905
79.62341955109994
73.86210422254398
66.71905022423026
74.59689303163029
97.51179964300995
80.94838914127043
82.31431823037664
85.97883725150398
80.87131703374362
88.37509833358531
72.17056529163331
70.75054111708626
77.76302362907505
81.9139053663642
60.50948394826335
73.56247276394409
68.08885745528377
63.0231906608898
68.88154603476407
84.38879388993458
70.15919490662185
82.26957244722023
79.16256658138208
64.1869170465605
61.042515191672365
79.33647237872161
81.58648009439293
72.07513658250461
86.13638718468361
62.517462610459006
83.56984136009372
68.45208669172816
65.19516497465636
75.32255787392018
75.03286151684199
66.13627724135075
78.52085638379249
73.8824391384371
65.95224818466482
68.18414765534921
77.10117551228018
78.66023960100944
66.2904531087755
83.82417212295061
79.39760849226353
69.8331649027371
79.67230045107264
82.85206155064638
67.23411151648217
82.09650626408357
79.63818982957291
57.273869427023726
82.6728052403883
66.22745120085726
62.15151035612968
69.05866208809704
75.65803018057318
71.1847635763729
75.8387418826878
66.9964061845807
93.6154210966726
87.22273193922672
76.76621742889502
83.09278076452671
62.957859718927054
58.35896203651806
74.35854163834225
86.82456897839073
85.0703448527192
100.24062444814626
71.32072863639635
78.99056236527743
70.4832197062529
70.16795161113315
83.35729837955235
77.21849556099903
100.3427184877712
73.6287411834486
65.60062278419849
80.1077566908343
79.01620825685737
67.26769632090004
68.50547997033317
66.85359206041589
73.25943112671501
74.79129852809278
73.92479581033766
74.38189406006371
64.29172640203595
83.43157888326459
77.52721074358851
72.53426718874175
71.03974113808997
77.03716392655667
73.17997071509025
83.79598852709266
77.66142886357956
77.19871277452052
87.8459447074395
75.08271964256286
77.98444726683302
77.08242121493491
78.33619523105266
72.73325630003616
68.72569898634289
76.00069175022294
85.50502503339072
82.01198529367086
93.19081768962255
64.86287746807463
73.63105364575861
85.49604482831089
76.50705236834123
71.87757608909772
86.83639570623772
77.65565386907917
65.20162592797212
71.44195196673033
77.21460618895163
67.69000782686568
74.79638239662856
67.0580411522067
82.63959767825598
67.36957296485892
63.21860546441953
68.09399233963806
82.52915059669175
83.63861629167786
68.90209151797202
66.1661162996704
85.27231937473563
99.80409656291454
100.17056339333674
69.7515994526144
95.19491503472696
89.53022682858501
112.58434408104299
107.22024733782769
104.58830744012165
84.65276582319467
95.80815044314792
88.14009619560746
76.08160456030612
81.77651192504166
80.94282334731885
76.78747345556971
77.44884836509758
79.33517773406994
94.7584037361689
85.36667495616734
96.22806563427946
88.57686308198949
87.31949276130138
91.53251010635485
104.11523212633853
94.50369538177446
98.32481903850449
77.59540271778405
101.42868218819467
53.74242684108285
65.35294514618137
62.02974800578362
67.3390877107486
80.66966400022669
75.30504162365487
74.80144457590569
89.05390008620046
85.5255210431503
83.4754377469836
88.19253959960542
80.55532135029476
83.35081502712251
79.70813399629087
77.54805625602715
83.19983424120852
76.95737750701073
87.52218379315308
86.79926683423588
85.25806478423343
82.83236870142291
84.33092122886794
81.03543600901959
90.97943658975386
105.3780683096842
85.16445486823828
98.97517200120201
73.16664069925054
87.40847178210393
76.78157399406403
110.23122410700063
67.9048334350371
85.74706298730761
105.25140310728825
98.74466791662061
93.30638596896567
92.94457720215428
76.7878307694896
78.38817878880533
85.5615332533544
100.02892935327513
88.29529626672182
93.53981609195986
86.1102808739789
81.05043202280949
91.36635990020001
83.1061168871046
66.69821040267223
77.29807313871274
109.69777148986073
90.49534798458369
78.3624097104664
78.07609449089449
83.30774890464708
70.27006725324226
71.49516224876658
71.63023161170364
85.91998164392433
79.32500686880391
77.38839335892088
56.605314339319854
92.61456323769526
108.95639054823263
82.11314641560007
79.65614163826606
92.29495854535747
90.31855453215589
77.24275808454681
83.18057183604586
100.22124459386613
83.37815921648134
78.43005506718785
84.03948012152084
79.37733462853387
90.71281272084617
83.94221547778392
82.02020751410657
81.32248776418861
85.08705835888682
89.86883974888188
78.00784431673684
84.542748020194
87.32908839555199
69.52903279964497
72.99816689482228
79.52001598582997
100.6066677206362
91.82577345967952
71.88966332277168
84.22036540919419
80.31115862237067
82.7153437970184
97.24550357546913
73.78730611738379
93.7201104811907
91.17172445532161
104.54131324825195
70.83599788864419
99.47596591675685
97.7860620224777
79.90679349991059
97.07101262543902
91.48800770056795
67.95797795805366
82.46038230890467
70.35794045915246
68.223770684362
68.64224025924212
75.66473883171281
89.43631556588399
90.77836229226858
86.56008965083078
88.12004348342032
93.23697727956309
55.38515900685345
79.2845460032443
62.11951805136852
84.02094979576617
79.4423066904063
84.98007098682764
94.44635668454049
92.59366613394225
85.61311566378197
82.35913036282362
75.04329322728279
98.39851282808073
102.28011934825311
80.12527176126471
70.00256697545699
74.09346935886528
88.88630985397084
87.0853512476967
82.0741349377599
68.33573733155431
82.62547919795877
86.21525654273202
77.42175912902673
82.0112901758871
71.84197674021482
77.14217296041595
82.65192228002962
73.10346538559128
79.06892350045969
84.40563949723645
87.65199122361419
78.35094507204548
86.39137073091831
89.200674140832
82.10646932537344
72.89682521866045
86.64023149267074
62.04628986004041
75.52076974598128
59.31765197767208
89.09171662129872
53.227866236375576
64.46373168759037
85.56184179447526
61.008274845738526
82.74178290474805
75.69949896952919
81.72562180869349
95.07592569546964
95.93399794821701
66.41531185423634
87.35799186136731
105.50679310680617
87.91314375923147
85.63805492004884
95.08543249143689
105.23407131301646
85.06022637713576
73.50518536949923
87.77193236107574
76.63605796663623
94.16368036950266
61.82436225772119
93.00122330863358
89.0343796577556
82.71720014572463
85.59268662891742
68.99292257605407
106.91089415403559
83.77581597054964
99.67844333820695
80.21012508290073
71.82743826872773
70.10470262045062
69.17598789692285
80.59908749564782
80.7470692014131
93.34138969598285
100.93239461419135
92.30413260404885
87.1725288669942
79.74402725694628
69.88107775604465
78.1924260892249
76.00466920063408
56.07646065418418
62.718245487134006
82.06003182437387
64.41735798613881
63.63484715765462
56.67102043000264
94.16568638295512
61.11026592191906
73.53391328027227
88.83227553209069
74.72719374616705
86.81530093055943
84.60835550465073
82.67585976545476
67.66533730423421
78.8898642504381
79.79485114524232
74.36085116184259
63.3995915084508
92.94478501478845
91.40872636675394
104.85260961076328
71.34390655263002
77.59993240362635
75.88623853679312
70.57108336453501
82.78934905157472
101.84472463319622
68.30954131403466
90.47104332847375
77.16300747976615
79.19949375568936
81.48664475045149
71.67770481229084
89.08854209343536
84.42904402682277
95.97103781943866
90.72567922995663
93.31044689196592
73.95559157029989
95.89196391097688
81.80080209306712
97.88864131066202
97.14101672413167
78.49406810833237
80.38540735872488
75.8330356026034
83.8553562082945
79.140841960205
99.25456409409529
88.85110648657638
